        2.   0.000000E+00
       42.   0.000000E+00
       62.   0.000000E+00
       63.   0.000000E+00
       64.   0.000000E+00
       65.   0.000000E+00
       66.   0.000000E+00
       67.   0.000000E+00
       68.   0.000000E+00
       69.   0.000000E+00
       70.   0.000000E+00
       71.   0.000000E+00
       72.   0.000000E+00
       73.   0.000000E+00
       74.   0.000000E+00
       75.   0.000000E+00
       76.   0.000000E+00
       77.   0.000000E+00
       78.   0.000000E+00
       79.   0.000000E+00
       80.   0.000000E+00
      442.   0.000000E+00
      443.   0.000000E+00
      444.   0.000000E+00
      445.   0.000000E+00
      446.   0.000000E+00
      447.   0.000000E+00
      448.   0.000000E+00
      449.   0.000000E+00
      450.   0.000000E+00
      451.   0.000000E+00
      452.   0.000000E+00
      453.   0.000000E+00
      454.   0.000000E+00
      455.   0.000000E+00
      456.   0.000000E+00
      457.   0.000000E+00
      458.   0.000000E+00
      459.   0.000000E+00
      460.   0.000000E+00
      461.   0.000000E+00
      462.   0.000000E+00
      883.   0.000000E+00
      884.   0.000000E+00
      885.   0.000000E+00
      886.   0.000000E+00
      887.   0.000000E+00
      888.   0.000000E+00
      889.   0.000000E+00
      890.   0.000000E+00
      891.   0.000000E+00
      892.   0.000000E+00
      893.   0.000000E+00
      894.   0.000000E+00
      895.   0.000000E+00
      896.   0.000000E+00
      897.   0.000000E+00
      898.   0.000000E+00
      899.   0.000000E+00
      900.   0.000000E+00
      901.   0.000000E+00
      902.   0.000000E+00
      903.   0.000000E+00
      904.   0.000000E+00
      905.   0.000000E+00
      906.   0.000000E+00
      907.   0.000000E+00
      908.   0.000000E+00
      909.   0.000000E+00
      910.   0.000000E+00
      911.   0.000000E+00
      912.   0.000000E+00
      913.   0.000000E+00
      914.   0.000000E+00
      915.   0.000000E+00
      916.   0.000000E+00
      917.   0.000000E+00
      918.   0.000000E+00
      919.   0.000000E+00
      920.   0.000000E+00
      921.   0.000000E+00
      922.   0.000000E+00
      923.   0.000000E+00
      924.   0.000000E+00
      925.   0.000000E+00
      926.   0.000000E+00
      927.   0.000000E+00
      928.   0.000000E+00
      929.   0.000000E+00
      930.   0.000000E+00
      931.   0.000000E+00
      932.   0.000000E+00
      933.   0.000000E+00
      934.   0.000000E+00
      935.   0.000000E+00
      936.   0.000000E+00
      937.   0.000000E+00
      938.   0.000000E+00
      939.   0.000000E+00
      940.   0.000000E+00
      941.   0.000000E+00
      942.   0.000000E+00
      943.   0.000000E+00
      944.   0.000000E+00
      945.   0.000000E+00
      946.   0.000000E+00
      947.   0.000000E+00
      948.   0.000000E+00
      949.   0.000000E+00
      950.   0.000000E+00
      951.   0.000000E+00
      952.   0.000000E+00
      953.   0.000000E+00
      954.   0.000000E+00
      955.   0.000000E+00
      956.   0.000000E+00
      957.   0.000000E+00
      958.   0.000000E+00
      959.   0.000000E+00
      960.   0.000000E+00
      961.   0.000000E+00
      962.   0.000000E+00
      963.   0.000000E+00
      964.   0.000000E+00
      965.   0.000000E+00
      966.   0.000000E+00
      967.   0.000000E+00
      968.   0.000000E+00
      969.   0.000000E+00
      970.   0.000000E+00
      971.   0.000000E+00
      972.   0.000000E+00
      973.   0.000000E+00
      974.   0.000000E+00
      975.   0.000000E+00
      976.   0.000000E+00
      977.   0.000000E+00
      978.   0.000000E+00
      979.   0.000000E+00
      980.   0.000000E+00
      981.   0.000000E+00
      982.   0.000000E+00
      983.   0.000000E+00
      984.   0.000000E+00
      985.   0.000000E+00
      986.   0.000000E+00
      987.   0.000000E+00
      988.   0.000000E+00
      989.   0.000000E+00
      990.   0.000000E+00
      991.   0.000000E+00
      992.   0.000000E+00
      993.   0.000000E+00
      994.   0.000000E+00
      995.   0.000000E+00
      996.   0.000000E+00
      997.   0.000000E+00
      998.   0.000000E+00
      999.   0.000000E+00
     1000.   0.000000E+00
     1001.   0.000000E+00
     1002.   0.000000E+00
     1003.   0.000000E+00
     1004.   0.000000E+00
     1005.   0.000000E+00
     1006.   0.000000E+00
     1007.   0.000000E+00
     1008.   0.000000E+00
     1009.   0.000000E+00
     1010.   0.000000E+00
     1011.   0.000000E+00
     1012.   0.000000E+00
     1013.   0.000000E+00
     1014.   0.000000E+00
     1015.   0.000000E+00
     1016.   0.000000E+00
     1017.   0.000000E+00
     1018.   0.000000E+00
     1019.   0.000000E+00
     1020.   0.000000E+00
     1021.   0.000000E+00
     1022.   0.000000E+00
     1023.   0.000000E+00
     1024.   0.000000E+00
     1025.   0.000000E+00
     1026.   0.000000E+00
     1027.   0.000000E+00
     1028.   0.000000E+00
     1029.   0.000000E+00
     1030.   0.000000E+00
     1031.   0.000000E+00
     1032.   0.000000E+00
     1033.   0.000000E+00
     1034.   0.000000E+00
     1035.   0.000000E+00
     1036.   0.000000E+00
     1037.   0.000000E+00
     1038.   0.000000E+00
     1039.   0.000000E+00
     1040.   0.000000E+00
     1041.   0.000000E+00
     1042.   0.000000E+00
     1043.   0.000000E+00
     1044.   0.000000E+00
     1045.   0.000000E+00
     1046.   0.000000E+00
     1047.   0.000000E+00
     1048.   0.000000E+00
     1049.   0.000000E+00
     1050.   0.000000E+00
     1051.   0.000000E+00
     1052.   0.000000E+00
     1053.   0.000000E+00
     1054.   0.000000E+00
     1055.   0.000000E+00
     1056.   0.000000E+00
     1057.   0.000000E+00
     1058.   0.000000E+00
     1059.   0.000000E+00
     1060.   0.000000E+00
     1061.   0.000000E+00
     1062.   0.000000E+00
     1063.   0.000000E+00
     1064.   0.000000E+00
     1065.   0.000000E+00
     1066.   0.000000E+00
     1067.   0.000000E+00
     1068.   0.000000E+00
     1069.   0.000000E+00
     1070.   0.000000E+00
     1071.   0.000000E+00
     1072.   0.000000E+00
     1073.   0.000000E+00
     1074.   0.000000E+00
     1075.   0.000000E+00
     1076.   0.000000E+00
     1077.   0.000000E+00
     1078.   0.000000E+00
     1079.   0.000000E+00
     1080.   0.000000E+00
     1081.   0.000000E+00
     1082.   0.000000E+00
     1083.   0.000000E+00
     1084.   0.000000E+00
     1085.   0.000000E+00
     1086.   0.000000E+00
     1087.   0.000000E+00
     1088.   0.000000E+00
     1089.   0.000000E+00
     1090.   0.000000E+00
     1091.   0.000000E+00
     1092.   0.000000E+00
     1093.   0.000000E+00
     1094.   0.000000E+00
     1095.   0.000000E+00
     1096.   0.000000E+00
     1097.   0.000000E+00
     1098.   0.000000E+00
     1099.   0.000000E+00
     1100.   0.000000E+00
     1101.   0.000000E+00
     1102.   0.000000E+00
     1103.   0.000000E+00
     1104.   0.000000E+00
     1105.   0.000000E+00
     1106.   0.000000E+00
     1107.   0.000000E+00
     1108.   0.000000E+00
     1109.   0.000000E+00
     1110.   0.000000E+00
     1111.   0.000000E+00
     1112.   0.000000E+00
     1113.   0.000000E+00
     1114.   0.000000E+00
     1115.   0.000000E+00
     1116.   0.000000E+00
     1117.   0.000000E+00
     1118.   0.000000E+00
     1119.   0.000000E+00
     1120.   0.000000E+00
     1121.   0.000000E+00
     1122.   0.000000E+00
     1123.   0.000000E+00
     1124.   0.000000E+00
     1125.   0.000000E+00
     1126.   0.000000E+00
     1127.   0.000000E+00
     1128.   0.000000E+00
     1129.   0.000000E+00
     1130.   0.000000E+00
     1131.   0.000000E+00
     1132.   0.000000E+00
     1133.   0.000000E+00
     1134.   0.000000E+00
     1135.   0.000000E+00
     1136.   0.000000E+00
     1137.   0.000000E+00
     1138.   0.000000E+00
     1139.   0.000000E+00
     1140.   0.000000E+00
     1141.   0.000000E+00
     1142.   0.000000E+00
     1143.   0.000000E+00
     1144.   0.000000E+00
     1145.   0.000000E+00
     1146.   0.000000E+00
     1147.   0.000000E+00
     1148.   0.000000E+00
     1149.   0.000000E+00
     1150.   0.000000E+00
     1151.   0.000000E+00
     1152.   0.000000E+00
     1153.   0.000000E+00
     1154.   0.000000E+00
     1155.   0.000000E+00
     1156.   0.000000E+00
     1157.   0.000000E+00
     1158.   0.000000E+00
     1159.   0.000000E+00
     1160.   0.000000E+00
     1161.   0.000000E+00
     1162.   0.000000E+00
     1163.   0.000000E+00
     1164.   0.000000E+00
     1165.   0.000000E+00
     1166.   0.000000E+00
     1167.   0.000000E+00
     1168.   0.000000E+00
     1169.   0.000000E+00
     1170.   0.000000E+00
     1171.   0.000000E+00
     1172.   0.000000E+00
     1173.   0.000000E+00
     1174.   0.000000E+00
     1175.   0.000000E+00
     1176.   0.000000E+00
     1177.   0.000000E+00
     1178.   0.000000E+00
     1179.   0.000000E+00
     1180.   0.000000E+00
     1181.   0.000000E+00
     1182.   0.000000E+00
     1183.   0.000000E+00
     1184.   0.000000E+00
     1185.   0.000000E+00
     1186.   0.000000E+00
     1187.   0.000000E+00
     1188.   0.000000E+00
     1189.   0.000000E+00
     1190.   0.000000E+00
     1191.   0.000000E+00
     1192.   0.000000E+00
     1193.   0.000000E+00
     1194.   0.000000E+00
     1195.   0.000000E+00
     1196.   0.000000E+00
     1197.   0.000000E+00
     1198.   0.000000E+00
     1199.   0.000000E+00
     1200.   0.000000E+00
     1201.   0.000000E+00
     1202.   0.000000E+00
     1203.   0.000000E+00
     1204.   0.000000E+00
     1205.   0.000000E+00
     1206.   0.000000E+00
     1207.   0.000000E+00
     1208.   0.000000E+00
     1209.   0.000000E+00
     1210.   0.000000E+00
     1211.   0.000000E+00
     1212.   0.000000E+00
     1213.   0.000000E+00
     1214.   0.000000E+00
     1215.   0.000000E+00
     1216.   0.000000E+00
     1217.   0.000000E+00
     1218.   0.000000E+00
     1219.   0.000000E+00
     1220.   0.000000E+00
     1221.   0.000000E+00
     1222.   0.000000E+00
     1223.   0.000000E+00
     1224.   0.000000E+00
     1225.   0.000000E+00
     1226.   0.000000E+00
     1227.   0.000000E+00
     1228.   0.000000E+00
     1229.   0.000000E+00
     1230.   0.000000E+00
     1231.   0.000000E+00
     1232.   0.000000E+00
     1233.   0.000000E+00
     1234.   0.000000E+00
     1235.   0.000000E+00
     1236.   0.000000E+00
     1237.   0.000000E+00
     1238.   0.000000E+00
     1239.   0.000000E+00
     1240.   0.000000E+00
     1241.   0.000000E+00
     1242.   0.000000E+00
     1243.   0.000000E+00
     1244.   0.000000E+00
     1245.   0.000000E+00
     1246.   0.000000E+00
     1247.   0.000000E+00
     1248.   0.000000E+00
     1249.   0.000000E+00
     1250.   0.000000E+00
     1251.   0.000000E+00
     1252.   0.000000E+00
     1253.   0.000000E+00
     1254.   0.000000E+00
     1255.   0.000000E+00
     1256.   0.000000E+00
     1257.   0.000000E+00
     1258.   0.000000E+00
     1259.   0.000000E+00
     1260.   0.000000E+00
     1261.   0.000000E+00
     1262.   0.000000E+00
     1263.   0.000000E+00
     1264.   0.000000E+00
     1265.   0.000000E+00
     1266.   0.000000E+00
     1267.   0.000000E+00
     1268.   0.000000E+00
     1269.   0.000000E+00
     1270.   0.000000E+00
     1271.   0.000000E+00
     1272.   0.000000E+00
     1273.   0.000000E+00
     1274.   0.000000E+00
     1275.   0.000000E+00
     1276.   0.000000E+00
     1277.   0.000000E+00
     1278.   0.000000E+00
     1279.   0.000000E+00
     1280.   0.000000E+00
     1281.   0.000000E+00
