/*--------------------------------*- C++ -*----------------------------------*\
| =========                 |                                                 |
| \\      /  F ield         | OpenFOAM: The Open Source CFD Toolbox           |
|  \\    /   O peration     | Version:  2.4.0                                 |
|   \\  /    A nd           | Web:      www.OpenFOAM.org                      |
|    \\/     M anipulation  |                                                 |
\*---------------------------------------------------------------------------*/
FoamFile
{
    version     2.0;
    format      ascii;
    class       faceList;
    location    "constant/polyMesh";
    object      faces;
}
// * * * * * * * * * * * * * * * * * * * * * * * * * * * * * * * * * * * * * //


4455
(
4(203 200 201 202)
4(203 202 204 205)
4(202 201 206 204)
4(200 207 206 201)
4(209 208 211 210)
4(203 209 210 202)
4(202 210 211 201)
4(200 201 211 208)
4(213 212 214 215)
4(209 213 215 210)
4(210 215 214 211)
4(208 211 214 212)
4(217 216 218 219)
4(213 217 219 215)
4(215 219 218 214)
4(212 214 218 216)
4(221 220 222 223)
4(217 221 223 219)
4(219 223 222 218)
4(216 218 222 220)
4(225 224 226 227)
4(221 225 227 223)
4(223 227 226 222)
4(220 222 226 224)
4(229 228 230 231)
4(225 229 231 227)
4(227 231 230 226)
4(224 226 230 228)
4(233 232 234 235)
4(229 233 235 231)
4(231 235 234 230)
4(228 230 234 232)
4(237 236 238 239)
4(233 232 236 237)
4(233 237 239 235)
4(235 239 238 234)
4(232 234 238 236)
4(241 240 242 243)
4(237 236 240 241)
4(237 241 243 239)
4(239 243 242 238)
4(236 238 242 240)
4(245 244 246 247)
4(241 240 244 245)
4(241 245 247 243)
4(243 247 246 242)
4(240 242 246 244)
4(245 244 248 249)
4(245 249 251 247)
4(247 251 250 246)
4(244 246 250 248)
4(254 255 236 237)
4(252 254 237 233)
4(253 232 236 255)
4(256 257 240 241)
4(254 256 241 237)
4(255 236 240 257)
4(258 259 244 245)
4(256 258 245 241)
4(257 240 244 259)
4(258 260 249 245)
4(259 244 248 261)
4(403 307 296 264)
4(403 404 311 307)
4(264 296 302 278)
4(307 311 302 296)
4(405 310 297 265)
4(403 307 310 405)
4(264 265 297 296)
4(307 296 297 310)
4(406 312 298 268)
4(405 310 312 406)
4(265 268 298 297)
4(310 297 298 312)
4(407 313 299 271)
4(406 312 313 407)
4(268 271 299 298)
4(312 298 299 313)
4(408 314 301 274)
4(407 313 314 408)
4(271 274 301 299)
4(313 299 301 314)
4(409 315 303 277)
4(408 314 315 409)
4(274 277 303 301)
4(314 301 303 315)
4(410 316 304 281)
4(409 315 316 410)
4(277 281 304 303)
4(315 303 304 316)
4(411 318 305 282)
4(410 316 318 411)
4(281 282 305 304)
4(316 304 305 318)
4(412 319 306 285)
4(411 318 319 412)
4(282 285 306 305)
4(318 305 306 319)
4(413 320 308 288)
4(412 319 320 413)
4(285 288 308 306)
4(319 306 308 320)
4(414 321 309 291)
4(413 320 321 414)
4(288 291 309 308)
4(320 308 309 321)
4(414 321 322 415)
4(291 300 317 309)
4(321 309 317 322)
4(203 202 377 378)
4(378 377 380 379)
4(203 378 379 205)
4(202 204 380 377)
4(209 210 382 381)
4(378 381 382 377)
4(203 209 381 378)
4(202 377 382 210)
4(213 215 384 383)
4(381 383 384 382)
4(209 213 383 381)
4(210 382 384 215)
4(217 219 386 385)
4(383 385 386 384)
4(213 217 385 383)
4(215 384 386 219)
4(221 223 388 387)
4(385 387 388 386)
4(217 221 387 385)
4(219 386 388 223)
4(225 227 390 389)
4(387 389 390 388)
4(221 225 389 387)
4(223 388 390 227)
4(229 231 392 391)
4(389 391 392 390)
4(225 229 391 389)
4(227 390 392 231)
4(233 235 394 393)
4(391 393 394 392)
4(229 233 393 391)
4(231 392 394 235)
4(237 239 396 395)
4(393 395 396 394)
4(233 237 395 393)
4(235 394 396 239)
4(241 243 398 397)
4(395 397 398 396)
4(237 241 397 395)
4(239 396 398 243)
4(245 247 400 399)
4(397 399 400 398)
4(241 245 399 397)
4(243 398 400 247)
4(399 401 402 400)
4(245 249 401 399)
4(247 400 402 251)
4(378 377 438 439)
4(439 438 442 440)
4(378 439 440 379)
4(377 380 442 438)
4(381 382 443 444)
4(439 444 443 438)
4(378 381 444 439)
4(377 438 443 382)
4(383 384 446 448)
4(444 448 446 443)
4(381 383 448 444)
4(382 443 446 384)
4(385 386 449 451)
4(448 451 449 446)
4(383 385 451 448)
4(384 446 449 386)
4(387 388 452 454)
4(451 454 452 449)
4(385 387 454 451)
4(386 449 452 388)
4(389 390 455 457)
4(454 457 455 452)
4(387 389 457 454)
4(388 452 455 390)
4(391 392 458 460)
4(457 460 458 455)
4(389 391 460 457)
4(390 455 458 392)
4(393 394 461 463)
4(460 463 461 458)
4(391 393 463 460)
4(392 458 461 394)
4(395 396 464 466)
4(463 466 464 461)
4(393 395 466 463)
4(394 461 464 396)
4(397 398 467 468)
4(466 468 467 464)
4(395 397 468 466)
4(396 464 467 398)
4(399 400 469 470)
4(468 470 469 467)
4(397 399 470 468)
4(398 467 469 400)
4(470 472 471 469)
4(399 401 472 470)
4(400 469 471 402)
4(435 323 307 403)
4(435 434 334 323)
4(435 403 404 434)
4(323 334 311 307)
4(436 324 310 405)
4(435 323 324 436)
4(435 436 405 403)
4(323 307 310 324)
4(437 325 312 406)
4(436 324 325 437)
4(436 437 406 405)
4(324 310 312 325)
4(441 326 313 407)
4(437 325 326 441)
4(437 441 407 406)
4(325 312 313 326)
4(445 327 314 408)
4(441 326 327 445)
4(441 445 408 407)
4(326 313 314 327)
4(447 328 315 409)
4(445 327 328 447)
4(445 447 409 408)
4(327 314 315 328)
4(450 329 316 410)
4(447 328 329 450)
4(447 450 410 409)
4(328 315 316 329)
4(453 330 318 411)
4(450 329 330 453)
4(450 453 411 410)
4(329 316 318 330)
4(456 331 319 412)
4(453 330 331 456)
4(453 456 412 411)
4(330 318 319 331)
4(459 332 320 413)
4(456 331 332 459)
4(456 459 413 412)
4(331 319 320 332)
4(462 333 321 414)
4(459 332 333 462)
4(459 462 414 413)
4(332 320 321 333)
4(462 333 339 465)
4(462 465 415 414)
4(333 321 322 339)
4(435 473 335 323)
4(473 474 341 335)
4(435 434 474 473)
4(323 335 341 334)
4(436 475 336 324)
4(473 335 336 475)
4(435 473 475 436)
4(323 324 336 335)
4(437 476 337 325)
4(475 336 337 476)
4(436 475 476 437)
4(324 325 337 336)
4(441 477 338 326)
4(476 337 338 477)
4(437 476 477 441)
4(325 326 338 337)
4(445 478 340 327)
4(477 338 340 478)
4(441 477 478 445)
4(326 327 340 338)
4(447 479 342 328)
4(478 340 342 479)
4(445 478 479 447)
4(327 328 342 340)
4(450 480 343 329)
4(479 342 343 480)
4(447 479 480 450)
4(328 329 343 342)
4(453 481 344 330)
4(480 343 344 481)
4(450 480 481 453)
4(329 330 344 343)
4(456 482 345 331)
4(481 344 345 482)
4(453 481 482 456)
4(330 331 345 344)
4(459 483 346 332)
4(482 345 346 483)
4(456 482 483 459)
4(331 332 346 345)
4(462 484 347 333)
4(483 346 347 484)
4(459 483 484 462)
4(332 333 347 346)
4(484 347 352 485)
4(462 484 485 465)
4(333 339 352 347)
4(486 348 335 473)
4(486 487 355 348)
4(486 473 474 487)
4(348 355 341 335)
4(488 349 336 475)
4(486 348 349 488)
4(486 488 475 473)
4(348 335 336 349)
4(489 350 337 476)
4(488 349 350 489)
4(488 489 476 475)
4(349 336 337 350)
4(490 351 338 477)
4(489 350 351 490)
4(489 490 477 476)
4(350 337 338 351)
4(491 353 340 478)
4(490 351 353 491)
4(490 491 478 477)
4(351 338 340 353)
4(492 354 342 479)
4(491 353 354 492)
4(491 492 479 478)
4(353 340 342 354)
4(493 356 343 480)
4(492 354 356 493)
4(492 493 480 479)
4(354 342 343 356)
4(494 357 344 481)
4(493 356 357 494)
4(493 494 481 480)
4(356 343 344 357)
4(495 358 345 482)
4(494 357 358 495)
4(494 495 482 481)
4(357 344 345 358)
4(496 359 346 483)
4(495 358 359 496)
4(495 496 483 482)
4(358 345 346 359)
4(497 360 347 484)
4(496 359 360 497)
4(496 497 484 483)
4(359 346 347 360)
4(497 360 365 498)
4(497 498 485 484)
4(360 347 352 365)
4(500 361 348 486)
4(500 504 368 361)
4(500 486 487 504)
4(361 368 355 348)
4(508 362 349 488)
4(500 361 362 508)
4(500 508 488 486)
4(361 348 349 362)
4(513 363 350 489)
4(508 362 363 513)
4(508 513 489 488)
4(362 349 350 363)
4(517 364 351 490)
4(513 363 364 517)
4(513 517 490 489)
4(363 350 351 364)
4(521 366 353 491)
4(517 364 366 521)
4(517 521 491 490)
4(364 351 353 366)
4(526 367 354 492)
4(521 366 367 526)
4(521 526 492 491)
4(366 353 354 367)
4(530 369 356 493)
4(526 367 369 530)
4(526 530 493 492)
4(367 354 356 369)
4(535 370 357 494)
4(530 369 370 535)
4(530 535 494 493)
4(369 356 357 370)
4(540 371 358 495)
4(535 370 371 540)
4(535 540 495 494)
4(370 357 358 371)
4(544 372 359 496)
4(540 371 372 544)
4(540 544 496 495)
4(371 358 359 372)
4(548 373 360 497)
4(544 372 373 548)
4(544 548 497 496)
4(372 359 360 373)
4(548 373 374 552)
4(548 552 498 497)
4(373 360 365 374)
4(500 262 263 361)
4(500 504 558 262)
4(361 263 375 368)
4(262 558 375 263)
4(508 266 267 362)
4(500 262 266 508)
4(361 362 267 263)
4(262 263 267 266)
4(513 269 270 363)
4(508 266 269 513)
4(362 363 270 267)
4(266 267 270 269)
4(517 272 273 364)
4(513 269 272 517)
4(363 364 273 270)
4(269 270 273 272)
4(521 275 276 366)
4(517 272 275 521)
4(364 366 276 273)
4(272 273 276 275)
4(526 279 280 367)
4(521 275 279 526)
4(366 367 280 276)
4(275 276 280 279)
4(530 283 284 369)
4(526 279 283 530)
4(367 369 284 280)
4(279 280 284 283)
4(535 286 287 370)
4(530 283 286 535)
4(369 370 287 284)
4(283 284 287 286)
4(540 289 290 371)
4(535 286 289 540)
4(370 371 290 287)
4(286 287 290 289)
4(544 292 293 372)
4(540 289 292 544)
4(371 372 293 290)
4(289 290 293 292)
4(548 294 295 373)
4(544 292 294 548)
4(372 373 295 293)
4(292 293 295 294)
4(548 294 573 552)
4(373 374 376 295)
4(294 295 376 573)
4(502 501 262 500)
4(502 505 507 501)
4(502 500 504 505)
4(501 507 558 262)
4(509 510 266 508)
4(502 501 510 509)
4(502 509 508 500)
4(501 262 266 510)
4(514 515 269 513)
4(509 510 515 514)
4(509 514 513 508)
4(510 266 269 515)
4(518 519 272 517)
4(514 515 519 518)
4(514 518 517 513)
4(515 269 272 519)
4(523 524 275 521)
4(518 519 524 523)
4(518 523 521 517)
4(519 272 275 524)
4(527 528 279 526)
4(523 524 528 527)
4(523 527 526 521)
4(524 275 279 528)
4(532 533 283 530)
4(527 528 533 532)
4(527 532 530 526)
4(528 279 283 533)
4(536 537 286 535)
4(532 533 537 536)
4(532 536 535 530)
4(533 283 286 537)
4(541 542 289 540)
4(536 537 542 541)
4(536 541 540 535)
4(537 286 289 542)
4(545 546 292 544)
4(541 542 546 545)
4(541 545 544 540)
4(542 289 292 546)
4(549 550 294 548)
4(545 546 550 549)
4(545 549 548 544)
4(546 292 294 550)
4(549 550 555 553)
4(549 553 552 548)
4(550 294 573 555)
4(439 438 501 502)
4(439 502 505 440)
4(438 442 507 501)
4(444 443 510 509)
4(439 444 509 502)
4(438 501 510 443)
4(448 446 515 514)
4(444 448 514 509)
4(443 510 515 446)
4(451 449 519 518)
4(448 451 518 514)
4(446 515 519 449)
4(454 452 524 523)
4(451 454 523 518)
4(449 519 524 452)
4(457 455 528 527)
4(454 457 527 523)
4(452 524 528 455)
4(460 458 533 532)
4(457 460 532 527)
4(455 528 533 458)
4(463 461 537 536)
4(460 463 536 532)
4(458 533 537 461)
4(466 464 542 541)
4(463 466 541 536)
4(461 537 542 464)
4(468 467 546 545)
4(466 468 545 541)
4(464 542 546 467)
4(470 469 550 549)
4(468 470 549 545)
4(467 546 550 469)
4(470 472 553 549)
4(469 550 555 471)
4(435 538 563 473)
4(435 434 559 538)
4(473 563 567 474)
4(436 543 565 475)
4(435 538 543 436)
4(473 475 565 563)
4(437 547 566 476)
4(436 543 547 437)
4(475 476 566 565)
4(441 551 568 477)
4(437 547 551 441)
4(476 477 568 566)
4(445 554 569 478)
4(441 551 554 445)
4(477 478 569 568)
4(447 556 570 479)
4(445 554 556 447)
4(478 479 570 569)
4(450 557 571 480)
4(447 556 557 450)
4(479 480 571 570)
4(453 560 572 481)
4(450 557 560 453)
4(480 481 572 571)
4(456 561 576 482)
4(453 560 561 456)
4(481 482 576 572)
4(459 562 577 483)
4(456 561 562 459)
4(482 483 577 576)
4(462 564 579 484)
4(459 562 564 462)
4(483 484 579 577)
4(462 564 574 465)
4(484 485 583 579)
4(435 403 499 538)
4(436 405 506 543)
4(437 406 511 547)
4(441 407 512 551)
4(445 408 516 554)
4(447 409 520 556)
4(450 410 522 557)
4(453 411 525 560)
4(456 412 529 561)
4(459 413 531 562)
4(462 414 534 564)
4(254 237 425 429)
4(233 424 425 237)
4(256 241 426 431)
4(237 425 426 241)
4(258 245 428 432)
4(241 426 428 245)
4(245 428 430 249)
4(203 378 575 417)
4(378 379 601 575)
4(209 381 578 418)
4(378 575 578 381)
4(213 383 580 419)
4(381 578 580 383)
4(217 385 581 420)
4(383 580 581 385)
4(221 387 582 421)
4(385 581 582 387)
4(225 389 584 422)
4(387 582 584 389)
4(229 391 585 423)
4(389 584 585 391)
4(233 393 586 424)
4(391 585 586 393)
4(237 395 587 425)
4(393 586 587 395)
4(241 397 588 426)
4(395 587 588 397)
4(245 399 589 428)
4(397 588 589 399)
4(399 589 606 401)
4(378 439 602 575)
4(439 440 608 602)
4(381 444 603 578)
4(439 602 603 444)
4(383 448 604 580)
4(444 603 604 448)
4(385 451 605 581)
4(448 604 605 451)
4(387 454 607 582)
4(451 605 607 454)
4(389 457 609 584)
4(454 607 609 457)
4(391 460 610 585)
4(457 609 610 460)
4(393 463 611 586)
4(460 610 611 463)
4(395 466 612 587)
4(463 611 612 466)
4(397 468 613 588)
4(466 612 613 468)
4(399 470 614 589)
4(468 613 614 470)
4(470 614 615 472)
4(439 502 616 602)
4(502 505 640 616)
4(444 509 617 603)
4(502 616 617 509)
4(448 514 618 604)
4(509 617 618 514)
4(451 518 619 605)
4(514 618 619 518)
4(454 523 620 607)
4(518 619 620 523)
4(457 527 621 609)
4(523 620 621 527)
4(460 532 622 610)
4(527 621 622 532)
4(463 536 623 611)
4(532 622 623 536)
4(466 541 624 612)
4(536 623 624 541)
4(468 545 625 613)
4(541 624 625 545)
4(470 549 626 614)
4(545 625 626 549)
4(549 626 643 553)
4(502 500 628 616)
4(500 504 629 628)
4(509 508 630 617)
4(500 628 630 508)
4(514 513 631 618)
4(508 630 631 513)
4(518 517 632 619)
4(513 631 632 517)
4(523 521 633 620)
4(517 632 633 521)
4(527 526 634 621)
4(521 633 634 526)
4(532 530 635 622)
4(526 634 635 530)
4(536 535 636 623)
4(530 635 636 535)
4(541 540 637 624)
4(535 636 637 540)
4(545 544 638 625)
4(540 637 638 544)
4(549 548 641 626)
4(544 638 641 548)
4(548 641 642 552)
4(500 486 590 628)
4(486 487 627 590)
4(508 488 591 630)
4(486 590 591 488)
4(513 489 592 631)
4(488 591 592 489)
4(517 490 593 632)
4(489 592 593 490)
4(521 491 594 633)
4(490 593 594 491)
4(526 492 595 634)
4(491 594 595 492)
4(530 493 596 635)
4(492 595 596 493)
4(535 494 597 636)
4(493 596 597 494)
4(540 495 598 637)
4(494 597 598 495)
4(544 496 599 638)
4(495 598 599 496)
4(548 497 600 641)
4(496 599 600 497)
4(497 600 639 498)
4(486 473 563 590)
4(488 475 565 591)
4(489 476 566 592)
4(490 477 568 593)
4(491 478 569 594)
4(492 479 570 595)
4(493 480 571 596)
4(494 481 572 597)
4(495 482 576 598)
4(496 483 577 599)
4(497 484 579 600)
4(501 3 2 262)
4(501 507 0 3)
4(262 2 1 558)
4(3 0 1 2)
4(510 5 4 266)
4(501 3 5 510)
4(262 266 4 2)
4(3 2 4 5)
4(515 7 6 269)
4(510 5 7 515)
4(266 269 6 4)
4(5 4 6 7)
4(519 9 8 272)
4(515 7 9 519)
4(269 272 8 6)
4(7 6 8 9)
4(524 11 10 275)
4(519 9 11 524)
4(272 275 10 8)
4(9 8 10 11)
4(528 13 12 279)
4(524 11 13 528)
4(275 279 12 10)
4(11 10 12 13)
4(533 15 14 283)
4(528 13 15 533)
4(279 283 14 12)
4(13 12 14 15)
4(537 17 16 286)
4(533 15 17 537)
4(283 286 16 14)
4(15 14 16 17)
4(542 22 21 289)
4(537 17 22 542)
4(286 289 21 16)
4(17 16 21 22)
4(546 25 24 292)
4(542 22 25 546)
4(289 292 24 21)
4(22 21 24 25)
4(550 28 27 294)
4(546 25 28 550)
4(292 294 27 24)
4(25 24 27 28)
4(550 28 32 555)
4(294 573 31 27)
4(28 27 31 32)
4(501 438 18 3)
4(438 442 19 18)
4(3 18 19 0)
4(510 443 20 5)
4(438 18 20 443)
4(3 5 20 18)
4(515 446 23 7)
4(443 20 23 446)
4(5 7 23 20)
4(519 449 26 9)
4(446 23 26 449)
4(7 9 26 23)
4(524 452 29 11)
4(449 26 29 452)
4(9 11 29 26)
4(528 455 30 13)
4(452 29 30 455)
4(11 13 30 29)
4(533 458 33 15)
4(455 30 33 458)
4(13 15 33 30)
4(537 461 34 17)
4(458 33 34 461)
4(15 17 34 33)
4(542 464 35 22)
4(461 34 35 464)
4(17 22 35 34)
4(546 467 36 25)
4(464 35 36 467)
4(22 25 36 35)
4(550 469 37 28)
4(467 36 37 469)
4(25 28 37 36)
4(469 37 38 471)
4(28 32 38 37)
4(438 377 39 18)
4(377 380 40 39)
4(18 39 40 19)
4(443 382 41 20)
4(377 39 41 382)
4(18 20 41 39)
4(446 384 42 23)
4(382 41 42 384)
4(20 23 42 41)
4(449 386 43 26)
4(384 42 43 386)
4(23 26 43 42)
4(452 388 44 29)
4(386 43 44 388)
4(26 29 44 43)
4(455 390 45 30)
4(388 44 45 390)
4(29 30 45 44)
4(458 392 46 33)
4(390 45 46 392)
4(30 33 46 45)
4(461 394 47 34)
4(392 46 47 394)
4(33 34 47 46)
4(464 396 48 35)
4(394 47 48 396)
4(34 35 48 47)
4(467 398 49 36)
4(396 48 49 398)
4(35 36 49 48)
4(469 400 50 37)
4(398 49 50 400)
4(36 37 50 49)
4(400 50 51 402)
4(37 38 51 50)
4(377 202 52 39)
4(202 204 53 52)
4(39 52 53 40)
4(382 210 54 41)
4(202 52 54 210)
4(39 41 54 52)
4(384 215 55 42)
4(210 54 55 215)
4(41 42 55 54)
4(386 219 56 43)
4(215 55 56 219)
4(42 43 56 55)
4(388 223 57 44)
4(219 56 57 223)
4(43 44 57 56)
4(390 227 58 45)
4(223 57 58 227)
4(44 45 58 57)
4(392 231 59 46)
4(227 58 59 231)
4(45 46 59 58)
4(394 235 60 47)
4(231 59 60 235)
4(46 47 60 59)
4(396 239 61 48)
4(235 60 61 239)
4(47 48 61 60)
4(398 243 62 49)
4(239 61 62 243)
4(48 49 62 61)
4(400 247 63 50)
4(243 62 63 247)
4(49 50 63 62)
4(247 63 64 251)
4(50 51 64 63)
4(202 201 65 52)
4(201 206 66 65)
4(52 65 66 53)
4(210 211 67 54)
4(201 65 67 211)
4(52 54 67 65)
4(215 214 68 55)
4(211 67 68 214)
4(54 55 68 67)
4(219 218 69 56)
4(214 68 69 218)
4(55 56 69 68)
4(223 222 70 57)
4(218 69 70 222)
4(56 57 70 69)
4(227 226 71 58)
4(222 70 71 226)
4(57 58 71 70)
4(231 230 72 59)
4(226 71 72 230)
4(58 59 72 71)
4(235 234 73 60)
4(230 72 73 234)
4(59 60 73 72)
4(239 238 74 61)
4(234 73 74 238)
4(60 61 74 73)
4(243 242 75 62)
4(238 74 75 242)
4(61 62 75 74)
4(247 246 76 63)
4(242 75 76 246)
4(62 63 76 75)
4(246 76 77 250)
4(63 64 77 76)
4(201 200 78 65)
4(65 78 79 66)
4(211 208 80 67)
4(65 67 80 78)
4(214 212 81 68)
4(67 68 81 80)
4(218 216 82 69)
4(68 69 82 81)
4(222 220 83 70)
4(69 70 83 82)
4(226 224 84 71)
4(70 71 84 83)
4(230 228 85 72)
4(71 72 85 84)
4(234 232 86 73)
4(72 73 86 85)
4(238 236 87 74)
4(232 86 87 236)
4(73 74 87 86)
4(242 240 88 75)
4(236 87 88 240)
4(74 75 88 87)
4(246 244 89 76)
4(240 88 89 244)
4(75 76 89 88)
4(244 89 90 248)
4(76 77 90 89)
4(236 255 92 87)
4(86 87 92 91)
4(240 257 93 88)
4(87 88 93 92)
4(244 259 94 89)
4(88 89 94 93)
4(89 90 95 94)
4(264 296 122 109)
4(296 302 123 122)
4(109 122 123 110)
4(265 297 124 111)
4(296 122 124 297)
4(109 111 124 122)
4(268 298 125 112)
4(297 124 125 298)
4(111 112 125 124)
4(271 299 126 113)
4(298 125 126 299)
4(112 113 126 125)
4(274 301 127 114)
4(299 126 127 301)
4(113 114 127 126)
4(277 303 128 115)
4(301 127 128 303)
4(114 115 128 127)
4(281 304 129 116)
4(303 128 129 304)
4(115 116 129 128)
4(282 305 130 117)
4(304 129 130 305)
4(116 117 130 129)
4(285 306 131 118)
4(305 130 131 306)
4(117 118 131 130)
4(288 308 132 119)
4(306 131 132 308)
4(118 119 132 131)
4(291 309 133 120)
4(308 132 133 309)
4(119 120 133 132)
4(309 133 134 317)
4(120 121 134 133)
4(296 307 135 122)
4(307 311 136 135)
4(122 135 136 123)
4(297 310 137 124)
4(307 135 137 310)
4(122 124 137 135)
4(298 312 138 125)
4(310 137 138 312)
4(124 125 138 137)
4(299 313 139 126)
4(312 138 139 313)
4(125 126 139 138)
4(301 314 140 127)
4(313 139 140 314)
4(126 127 140 139)
4(303 315 141 128)
4(314 140 141 315)
4(127 128 141 140)
4(304 316 142 129)
4(315 141 142 316)
4(128 129 142 141)
4(305 318 143 130)
4(316 142 143 318)
4(129 130 143 142)
4(306 319 144 131)
4(318 143 144 319)
4(130 131 144 143)
4(308 320 145 132)
4(319 144 145 320)
4(131 132 145 144)
4(309 321 146 133)
4(320 145 146 321)
4(132 133 146 145)
4(321 146 147 322)
4(133 134 147 146)
4(307 323 148 135)
4(323 334 149 148)
4(135 148 149 136)
4(310 324 150 137)
4(323 148 150 324)
4(135 137 150 148)
4(312 325 151 138)
4(324 150 151 325)
4(137 138 151 150)
4(313 326 152 139)
4(325 151 152 326)
4(138 139 152 151)
4(314 327 153 140)
4(326 152 153 327)
4(139 140 153 152)
4(315 328 154 141)
4(327 153 154 328)
4(140 141 154 153)
4(316 329 155 142)
4(328 154 155 329)
4(141 142 155 154)
4(318 330 156 143)
4(329 155 156 330)
4(142 143 156 155)
4(319 331 157 144)
4(330 156 157 331)
4(143 144 157 156)
4(320 332 158 145)
4(331 157 158 332)
4(144 145 158 157)
4(321 333 159 146)
4(332 158 159 333)
4(145 146 159 158)
4(333 159 160 339)
4(146 147 160 159)
4(323 335 161 148)
4(335 341 162 161)
4(148 161 162 149)
4(324 336 163 150)
4(335 161 163 336)
4(148 150 163 161)
4(325 337 164 151)
4(336 163 164 337)
4(150 151 164 163)
4(326 338 165 152)
4(337 164 165 338)
4(151 152 165 164)
4(327 340 166 153)
4(338 165 166 340)
4(152 153 166 165)
4(328 342 167 154)
4(340 166 167 342)
4(153 154 167 166)
4(329 343 168 155)
4(342 167 168 343)
4(154 155 168 167)
4(330 344 169 156)
4(343 168 169 344)
4(155 156 169 168)
4(331 345 170 157)
4(344 169 170 345)
4(156 157 170 169)
4(332 346 171 158)
4(345 170 171 346)
4(157 158 171 170)
4(333 347 172 159)
4(346 171 172 347)
4(158 159 172 171)
4(347 172 173 352)
4(159 160 173 172)
4(335 348 174 161)
4(348 355 175 174)
4(161 174 175 162)
4(336 349 176 163)
4(348 174 176 349)
4(161 163 176 174)
4(337 350 177 164)
4(349 176 177 350)
4(163 164 177 176)
4(338 351 178 165)
4(350 177 178 351)
4(164 165 178 177)
4(340 353 179 166)
4(351 178 179 353)
4(165 166 179 178)
4(342 354 180 167)
4(353 179 180 354)
4(166 167 180 179)
4(343 356 181 168)
4(354 180 181 356)
4(167 168 181 180)
4(344 357 182 169)
4(356 181 182 357)
4(168 169 182 181)
4(345 358 183 170)
4(357 182 183 358)
4(169 170 183 182)
4(346 359 184 171)
4(358 183 184 359)
4(170 171 184 183)
4(347 360 185 172)
4(359 184 185 360)
4(171 172 185 184)
4(360 185 186 365)
4(172 173 186 185)
4(348 361 187 174)
4(361 368 188 187)
4(174 187 188 175)
4(349 362 189 176)
4(361 187 189 362)
4(174 176 189 187)
4(350 363 190 177)
4(362 189 190 363)
4(176 177 190 189)
4(351 364 191 178)
4(363 190 191 364)
4(177 178 191 190)
4(353 366 192 179)
4(364 191 192 366)
4(178 179 192 191)
4(354 367 193 180)
4(366 192 193 367)
4(179 180 193 192)
4(356 369 194 181)
4(367 193 194 369)
4(180 181 194 193)
4(357 370 195 182)
4(369 194 195 370)
4(181 182 195 194)
4(358 371 196 183)
4(370 195 196 371)
4(182 183 196 195)
4(359 372 197 184)
4(371 196 197 372)
4(183 184 197 196)
4(360 373 198 185)
4(372 197 198 373)
4(184 185 198 197)
4(373 198 199 374)
4(185 186 199 198)
4(361 263 97 187)
4(263 375 96 97)
4(187 97 96 188)
4(362 267 98 189)
4(263 97 98 267)
4(187 189 98 97)
4(363 270 99 190)
4(267 98 99 270)
4(189 190 99 98)
4(364 273 100 191)
4(270 99 100 273)
4(190 191 100 99)
4(366 276 101 192)
4(273 100 101 276)
4(191 192 101 100)
4(367 280 102 193)
4(276 101 102 280)
4(192 193 102 101)
4(369 284 103 194)
4(280 102 103 284)
4(193 194 103 102)
4(370 287 104 195)
4(284 103 104 287)
4(194 195 104 103)
4(371 290 105 196)
4(287 104 105 290)
4(195 196 105 104)
4(372 293 106 197)
4(290 105 106 293)
4(196 197 106 105)
4(373 295 107 198)
4(293 106 107 295)
4(197 198 107 106)
4(295 107 108 376)
4(198 199 108 107)
4(263 262 2 97)
4(97 2 1 96)
4(267 266 4 98)
4(97 98 4 2)
4(270 269 6 99)
4(98 99 6 4)
4(273 272 8 100)
4(99 100 8 6)
4(276 275 10 101)
4(100 101 10 8)
4(280 279 12 102)
4(101 102 12 10)
4(284 283 14 103)
4(102 103 14 12)
4(287 286 16 104)
4(103 104 16 14)
4(290 289 21 105)
4(104 105 21 16)
4(293 292 24 106)
4(105 106 24 21)
4(295 294 27 107)
4(106 107 27 24)
4(107 108 31 27)
4(1184 1327 1328 1211)
4(1184 1183 1331 1327)
4(1184 1211 1212 1183)
4(1211 1328 1330 1212)
4(1327 1331 1330 1328)
4(1185 1333 1335 1213)
4(1184 1327 1333 1185)
4(1184 1185 1213 1211)
4(1211 1213 1335 1328)
4(1327 1328 1335 1333)
4(1186 1341 1344 1214)
4(1185 1333 1341 1186)
4(1185 1186 1214 1213)
4(1213 1214 1344 1335)
4(1333 1335 1344 1341)
4(1187 1347 1349 1215)
4(1186 1341 1347 1187)
4(1186 1187 1215 1214)
4(1214 1215 1349 1344)
4(1341 1344 1349 1347)
4(1188 1354 1355 1216)
4(1187 1347 1354 1188)
4(1187 1188 1216 1215)
4(1215 1216 1355 1349)
4(1347 1349 1355 1354)
4(1189 1360 1366 1217)
4(1188 1354 1360 1189)
4(1188 1189 1217 1216)
4(1216 1217 1366 1355)
4(1354 1355 1366 1360)
4(1190 1371 1374 1218)
4(1189 1360 1371 1190)
4(1189 1190 1218 1217)
4(1217 1218 1374 1366)
4(1360 1366 1374 1371)
4(1191 1377 1380 1219)
4(1190 1371 1377 1191)
4(1190 1191 1219 1218)
4(1218 1219 1380 1374)
4(1371 1374 1380 1377)
4(1192 1385 1386 1220)
4(1191 1377 1385 1192)
4(1191 1192 1220 1219)
4(1219 1220 1386 1380)
4(1377 1380 1386 1385)
4(1193 1391 1392 1221)
4(1192 1385 1391 1193)
4(1192 1193 1221 1220)
4(1220 1221 1392 1386)
4(1385 1386 1392 1391)
4(1194 1401 1404 1222)
4(1193 1391 1401 1194)
4(1193 1194 1222 1221)
4(1221 1222 1404 1392)
4(1391 1392 1404 1401)
4(754 1412 1417 1223)
4(1194 1401 1412 754)
4(1194 754 1223 1222)
4(1222 1223 1417 1404)
4(1401 1404 1417 1412)
4(753 1426 1427 1224)
4(754 1412 1426 753)
4(754 753 1224 1223)
4(1223 1224 1427 1417)
4(1412 1417 1427 1426)
4(1225 1435 1438 1226)
4(753 1426 1435 1225)
4(753 1225 1226 1224)
4(1224 1226 1438 1427)
4(1426 1427 1438 1435)
4(1227 1446 1448 1228)
4(1225 1435 1446 1227)
4(1225 1227 1228 1226)
4(1226 1228 1448 1438)
4(1435 1438 1448 1446)
4(1229 1454 1457 1230)
4(1227 1446 1454 1229)
4(1227 1229 1230 1228)
4(1228 1230 1457 1448)
4(1446 1448 1457 1454)
4(1231 1464 1467 1232)
4(1229 1454 1464 1231)
4(1229 1231 1232 1230)
4(1230 1232 1467 1457)
4(1454 1457 1467 1464)
4(1231 1464 1472 1233)
4(1231 1233 1234 1232)
4(1232 1234 1476 1467)
4(1464 1467 1476 1472)
4(1195 1411 1327 1184)
4(1195 1184 1183 1204)
4(1411 1418 1331 1327)
4(1196 1423 1333 1185)
4(1195 1196 1185 1184)
4(1411 1327 1333 1423)
4(1197 1432 1341 1186)
4(1196 1197 1186 1185)
4(1423 1333 1341 1432)
4(1198 1439 1347 1187)
4(1197 1198 1187 1186)
4(1432 1341 1347 1439)
4(1199 1447 1354 1188)
4(1198 1199 1188 1187)
4(1439 1347 1354 1447)
4(1200 1453 1360 1189)
4(1199 1200 1189 1188)
4(1447 1354 1360 1453)
4(1201 1459 1371 1190)
4(1200 1201 1190 1189)
4(1453 1360 1371 1459)
4(1202 1466 1377 1191)
4(1201 1202 1191 1190)
4(1459 1371 1377 1466)
4(1203 1471 1385 1192)
4(1202 1466 1471 1203)
4(1202 1203 1192 1191)
4(1466 1377 1385 1471)
4(1205 1477 1391 1193)
4(1203 1471 1477 1205)
4(1203 1205 1193 1192)
4(1471 1385 1391 1477)
4(1206 1487 1401 1194)
4(1205 1477 1487 1206)
4(1205 1206 1194 1193)
4(1477 1391 1401 1487)
4(813 1494 1412 754)
4(1206 1487 1494 813)
4(1206 813 754 1194)
4(1487 1401 1412 1494)
4(812 1503 1426 753)
4(813 1494 1503 812)
4(813 812 753 754)
4(1494 1412 1426 1503)
4(1480 1510 1435 1225)
4(812 1503 1510 1480)
4(812 1480 1225 753)
4(1503 1426 1435 1510)
4(1486 1517 1446 1227)
4(1480 1510 1517 1486)
4(1480 1486 1227 1225)
4(1510 1435 1446 1517)
4(1491 1526 1454 1229)
4(1486 1517 1526 1491)
4(1486 1491 1229 1227)
4(1517 1446 1454 1526)
4(1496 1535 1464 1231)
4(1491 1526 1535 1496)
4(1491 1496 1231 1229)
4(1526 1454 1464 1535)
4(1496 1535 1540 1514)
4(1496 1514 1233 1231)
4(1535 1464 1472 1540)
4(1208 1574 1471 1203)
4(1207 1208 1203 1202)
4(1571 1466 1471 1574)
4(1209 1577 1477 1205)
4(1208 1209 1205 1203)
4(1574 1471 1477 1577)
4(1210 1582 1487 1206)
4(1209 1210 1206 1205)
4(1577 1477 1487 1582)
4(855 1585 1494 813)
4(1210 855 813 1206)
4(1582 1487 1494 1585)
4(854 1588 1503 812)
4(855 854 812 813)
4(1585 1494 1503 1588)
4(1519 1589 1510 1480)
4(854 1519 1480 812)
4(1588 1503 1510 1589)
4(1523 1594 1517 1486)
4(1519 1523 1486 1480)
4(1589 1510 1517 1594)
4(1528 1597 1526 1491)
4(1523 1528 1491 1486)
4(1594 1517 1526 1597)
4(1532 1600 1535 1496)
4(1528 1532 1496 1491)
4(1597 1526 1535 1600)
4(1532 1544 1514 1496)
4(1600 1535 1540 1607)
4(991 990 1269 988)
4(991 988 1021 1078)
4(990 1315 1285 1269)
4(991 1078 1315 990)
4(1004 1003 1271 997)
4(991 1004 997 988)
4(990 1269 1271 1003)
4(991 990 1003 1004)
4(1009 1008 1273 1001)
4(1004 1009 1001 997)
4(1003 1271 1273 1008)
4(1004 1003 1008 1009)
4(1015 1014 1275 1006)
4(1009 1015 1006 1001)
4(1008 1273 1275 1014)
4(1009 1008 1014 1015)
4(1020 1019 1277 1012)
4(1015 1020 1012 1006)
4(1014 1275 1277 1019)
4(1015 1014 1019 1020)
4(1027 1026 1279 1017)
4(1020 1027 1017 1012)
4(1019 1277 1279 1026)
4(1020 1019 1026 1027)
4(1031 1030 1281 1022)
4(1027 1031 1022 1017)
4(1026 1279 1281 1030)
4(1027 1026 1030 1031)
4(1036 1035 1283 1024)
4(1031 1036 1024 1022)
4(1030 1281 1283 1035)
4(1031 1030 1035 1036)
4(1041 1040 1287 1028)
4(1036 1041 1028 1024)
4(1035 1283 1287 1040)
4(1036 1035 1040 1041)
4(1046 1045 1289 1033)
4(1041 1046 1033 1028)
4(1040 1287 1289 1045)
4(1041 1040 1045 1046)
4(1050 1049 1291 1037)
4(1046 1050 1037 1033)
4(1045 1289 1291 1049)
4(1046 1045 1049 1050)
4(1054 1053 1293 1042)
4(1050 1054 1042 1037)
4(1049 1291 1293 1053)
4(1050 1049 1053 1054)
4(1058 1057 1295 1637)
4(1054 1058 1637 1042)
4(1053 1293 1295 1057)
4(1054 1053 1057 1058)
4(1062 1061 1297 1770)
4(1058 1062 1770 1637)
4(1057 1295 1297 1061)
4(1058 1057 1061 1062)
4(1067 1066 1299 1771)
4(1062 1067 1771 1770)
4(1061 1297 1299 1066)
4(1062 1061 1066 1067)
4(1071 1070 1301 1772)
4(1067 1071 1772 1771)
4(1066 1299 1301 1070)
4(1067 1066 1070 1071)
4(1075 1074 1303 1773)
4(1071 1075 1773 1772)
4(1070 1301 1303 1074)
4(1071 1070 1074 1075)
4(1075 1775 1774 1773)
4(1074 1303 1312 1338)
4(1075 1074 1338 1775)
4(1079 1351 989 991)
4(1079 1091 1362 1351)
4(1079 991 1078 1091)
4(1351 1362 1342 989)
4(991 989 1342 1078)
4(1080 1358 1002 1004)
4(1079 1351 1358 1080)
4(1079 1080 1004 991)
4(1351 989 1002 1358)
4(991 1004 1002 989)
4(1082 1364 1007 1009)
4(1080 1358 1364 1082)
4(1080 1082 1009 1004)
4(1358 1002 1007 1364)
4(1004 1009 1007 1002)
4(1086 1368 1013 1015)
4(1082 1364 1368 1086)
4(1082 1086 1015 1009)
4(1364 1007 1013 1368)
4(1009 1015 1013 1007)
4(1088 1372 1018 1020)
4(1086 1368 1372 1088)
4(1086 1088 1020 1015)
4(1368 1013 1018 1372)
4(1015 1020 1018 1013)
4(1094 1375 1025 1027)
4(1088 1372 1375 1094)
4(1088 1094 1027 1020)
4(1372 1018 1025 1375)
4(1020 1027 1025 1018)
4(1097 1378 1029 1031)
4(1094 1375 1378 1097)
4(1094 1097 1031 1027)
4(1375 1025 1029 1378)
4(1027 1031 1029 1025)
4(1100 1381 1034 1036)
4(1097 1378 1381 1100)
4(1097 1100 1036 1031)
4(1378 1029 1034 1381)
4(1031 1036 1034 1029)
4(1103 1383 1039 1041)
4(1100 1381 1383 1103)
4(1100 1103 1041 1036)
4(1381 1034 1039 1383)
4(1036 1041 1039 1034)
4(1108 1387 1044 1046)
4(1103 1383 1387 1108)
4(1103 1108 1046 1041)
4(1383 1039 1044 1387)
4(1041 1046 1044 1039)
4(1111 1389 1048 1050)
4(1108 1387 1389 1111)
4(1108 1111 1050 1046)
4(1387 1044 1048 1389)
4(1046 1050 1048 1044)
4(1115 1393 1052 1054)
4(1111 1389 1393 1115)
4(1111 1115 1054 1050)
4(1389 1048 1052 1393)
4(1050 1054 1052 1048)
4(1723 1397 1056 1058)
4(1115 1393 1397 1723)
4(1115 1723 1058 1054)
4(1393 1052 1056 1397)
4(1054 1058 1056 1052)
4(1776 1402 1060 1062)
4(1723 1397 1402 1776)
4(1723 1776 1062 1058)
4(1397 1056 1060 1402)
4(1058 1062 1060 1056)
4(1777 1407 1065 1067)
4(1776 1402 1407 1777)
4(1776 1777 1067 1062)
4(1402 1060 1065 1407)
4(1062 1067 1065 1060)
4(1778 1413 1069 1071)
4(1777 1407 1413 1778)
4(1777 1778 1071 1067)
4(1407 1065 1069 1413)
4(1067 1071 1069 1065)
4(1779 1419 1073 1075)
4(1778 1413 1419 1779)
4(1778 1779 1075 1071)
4(1413 1069 1073 1419)
4(1071 1075 1073 1069)
4(1779 1419 1431 1780)
4(1779 1780 1775 1075)
4(1419 1073 1400 1431)
4(1075 1775 1400 1073)
4(1118 1395 1351 1079)
4(1118 1128 1440 1395)
4(1118 1079 1091 1128)
4(1395 1440 1362 1351)
4(1119 1405 1358 1080)
4(1118 1395 1405 1119)
4(1118 1119 1080 1079)
4(1395 1351 1358 1405)
4(1120 1409 1364 1082)
4(1119 1405 1409 1120)
4(1119 1120 1082 1080)
4(1405 1358 1364 1409)
4(1121 1415 1368 1086)
4(1120 1409 1415 1121)
4(1120 1121 1086 1082)
4(1409 1364 1368 1415)
4(1122 1421 1372 1088)
4(1121 1415 1421 1122)
4(1121 1122 1088 1086)
4(1415 1368 1372 1421)
4(1123 1424 1375 1094)
4(1122 1421 1424 1123)
4(1122 1123 1094 1088)
4(1421 1372 1375 1424)
4(1125 1428 1378 1097)
4(1123 1424 1428 1125)
4(1123 1125 1097 1094)
4(1424 1375 1378 1428)
4(1126 1433 1381 1100)
4(1125 1428 1433 1126)
4(1125 1126 1100 1097)
4(1428 1378 1381 1433)
4(1129 1436 1383 1103)
4(1126 1433 1436 1129)
4(1126 1129 1103 1100)
4(1433 1381 1383 1436)
4(1131 1442 1387 1108)
4(1129 1436 1442 1131)
4(1129 1131 1108 1103)
4(1436 1383 1387 1442)
4(1133 1444 1389 1111)
4(1131 1442 1444 1133)
4(1131 1133 1111 1108)
4(1442 1387 1389 1444)
4(1135 1449 1393 1115)
4(1133 1444 1449 1135)
4(1133 1135 1115 1111)
4(1444 1389 1393 1449)
4(1745 1451 1397 1723)
4(1135 1449 1451 1745)
4(1135 1745 1723 1115)
4(1449 1393 1397 1451)
4(1781 1455 1402 1776)
4(1745 1451 1455 1781)
4(1745 1781 1776 1723)
4(1451 1397 1402 1455)
4(1782 1460 1407 1777)
4(1781 1455 1460 1782)
4(1781 1782 1777 1776)
4(1455 1402 1407 1460)
4(1783 1462 1413 1778)
4(1782 1460 1462 1783)
4(1782 1783 1778 1777)
4(1460 1407 1413 1462)
4(1784 1468 1419 1779)
4(1783 1462 1468 1784)
4(1783 1784 1779 1778)
4(1462 1413 1419 1468)
4(1784 1468 1500 1785)
4(1784 1785 1780 1779)
4(1468 1419 1431 1500)
4(1142 1474 1395 1118)
4(1142 1149 1506 1474)
4(1142 1118 1128 1149)
4(1474 1506 1440 1395)
4(1144 1481 1405 1119)
4(1142 1474 1481 1144)
4(1142 1144 1119 1118)
4(1474 1395 1405 1481)
4(1145 1483 1409 1120)
4(1144 1481 1483 1145)
4(1144 1145 1120 1119)
4(1481 1405 1409 1483)
4(1146 1488 1415 1121)
4(1145 1483 1488 1146)
4(1145 1146 1121 1120)
4(1483 1409 1415 1488)
4(1147 1492 1421 1122)
4(1146 1488 1492 1147)
4(1146 1147 1122 1121)
4(1488 1415 1421 1492)
4(1148 1497 1424 1123)
4(1147 1492 1497 1148)
4(1147 1148 1123 1122)
4(1492 1421 1424 1497)
4(1150 1501 1428 1125)
4(1148 1497 1501 1150)
4(1148 1150 1125 1123)
4(1497 1424 1428 1501)
4(1151 1504 1433 1126)
4(1150 1501 1504 1151)
4(1150 1151 1126 1125)
4(1501 1428 1433 1504)
4(1152 1508 1436 1129)
4(1151 1504 1508 1152)
4(1151 1152 1129 1126)
4(1504 1433 1436 1508)
4(1153 1511 1442 1131)
4(1152 1508 1511 1153)
4(1152 1153 1131 1129)
4(1508 1436 1442 1511)
4(1154 1515 1444 1133)
4(1153 1511 1515 1154)
4(1153 1154 1133 1131)
4(1511 1442 1444 1515)
4(1155 1520 1449 1135)
4(1154 1515 1520 1155)
4(1154 1155 1135 1133)
4(1515 1444 1449 1520)
4(1757 1524 1451 1745)
4(1155 1520 1524 1757)
4(1155 1757 1745 1135)
4(1520 1449 1451 1524)
4(1786 1529 1455 1781)
4(1757 1524 1529 1786)
4(1757 1786 1781 1745)
4(1524 1451 1455 1529)
4(1787 1533 1460 1782)
4(1786 1529 1533 1787)
4(1786 1787 1782 1781)
4(1529 1455 1460 1533)
4(1788 1536 1462 1783)
4(1787 1533 1536 1788)
4(1787 1788 1783 1782)
4(1533 1460 1462 1536)
4(1789 1538 1468 1784)
4(1788 1536 1538 1789)
4(1788 1789 1784 1783)
4(1536 1462 1468 1538)
4(1789 1538 1556 1790)
4(1789 1790 1785 1784)
4(1538 1468 1500 1556)
4(1142 1156 1541 1474)
4(1156 1163 1561 1541)
4(1142 1149 1163 1156)
4(1474 1541 1561 1506)
4(1144 1157 1545 1481)
4(1156 1541 1545 1157)
4(1142 1156 1157 1144)
4(1474 1481 1545 1541)
4(1145 1158 1547 1483)
4(1157 1545 1547 1158)
4(1144 1157 1158 1145)
4(1481 1483 1547 1545)
4(1146 1159 1549 1488)
4(1158 1547 1549 1159)
4(1145 1158 1159 1146)
4(1483 1488 1549 1547)
4(1147 1160 1551 1492)
4(1159 1549 1551 1160)
4(1146 1159 1160 1147)
4(1488 1492 1551 1549)
4(1148 1161 1553 1497)
4(1160 1551 1553 1161)
4(1147 1160 1161 1148)
4(1492 1497 1553 1551)
4(1150 1162 1557 1501)
4(1161 1553 1557 1162)
4(1148 1161 1162 1150)
4(1497 1501 1557 1553)
4(1151 1164 1559 1504)
4(1162 1557 1559 1164)
4(1150 1162 1164 1151)
4(1501 1504 1559 1557)
4(1152 1165 1563 1508)
4(1164 1559 1563 1165)
4(1151 1164 1165 1152)
4(1504 1508 1563 1559)
4(1153 1166 1565 1511)
4(1165 1563 1565 1166)
4(1152 1165 1166 1153)
4(1508 1511 1565 1563)
4(1154 1167 1567 1515)
4(1166 1565 1567 1167)
4(1153 1166 1167 1154)
4(1511 1515 1567 1565)
4(1155 1168 1569 1520)
4(1167 1567 1569 1168)
4(1154 1167 1168 1155)
4(1515 1520 1569 1567)
4(1757 656 1572 1524)
4(1168 1569 1572 656)
4(1155 1168 656 1757)
4(1520 1524 1572 1569)
4(1786 660 1575 1529)
4(656 1572 1575 660)
4(1757 656 660 1786)
4(1524 1529 1575 1572)
4(1787 664 1578 1533)
4(660 1575 1578 664)
4(1786 660 664 1787)
4(1529 1533 1578 1575)
4(1788 668 1580 1536)
4(664 1578 1580 668)
4(1787 664 668 1788)
4(1533 1536 1580 1578)
4(1789 672 1583 1538)
4(668 1580 1583 672)
4(1788 668 672 1789)
4(1536 1538 1583 1580)
4(672 1583 1604 1791)
4(1789 672 1791 1790)
4(1538 1556 1604 1583)
4(1169 1586 1541 1156)
4(1169 1175 1610 1586)
4(1169 1156 1163 1175)
4(1586 1610 1561 1541)
4(1170 1590 1545 1157)
4(1169 1586 1590 1170)
4(1169 1170 1157 1156)
4(1586 1541 1545 1590)
4(1171 1592 1547 1158)
4(1170 1590 1592 1171)
4(1170 1171 1158 1157)
4(1590 1545 1547 1592)
4(1172 1595 1549 1159)
4(1171 1592 1595 1172)
4(1171 1172 1159 1158)
4(1592 1547 1549 1595)
4(1173 1598 1551 1160)
4(1172 1595 1598 1173)
4(1172 1173 1160 1159)
4(1595 1549 1551 1598)
4(1174 1601 1553 1161)
4(1173 1598 1601 1174)
4(1173 1174 1161 1160)
4(1598 1551 1553 1601)
4(1176 1605 1557 1162)
4(1174 1601 1605 1176)
4(1174 1176 1162 1161)
4(1601 1553 1557 1605)
4(1177 1608 1559 1164)
4(1176 1605 1608 1177)
4(1176 1177 1164 1162)
4(1605 1557 1559 1608)
4(1178 1612 1563 1165)
4(1177 1608 1612 1178)
4(1177 1178 1165 1164)
4(1608 1559 1563 1612)
4(1179 1614 1565 1166)
4(1178 1612 1614 1179)
4(1178 1179 1166 1165)
4(1612 1563 1565 1614)
4(1180 1616 1567 1167)
4(1179 1614 1616 1180)
4(1179 1180 1167 1166)
4(1614 1565 1567 1616)
4(1181 1618 1569 1168)
4(1180 1616 1618 1181)
4(1180 1181 1168 1167)
4(1616 1567 1569 1618)
4(659 1622 1572 656)
4(1181 1618 1622 659)
4(1181 659 656 1168)
4(1618 1569 1572 1622)
4(663 1625 1575 660)
4(659 1622 1625 663)
4(659 663 660 656)
4(1622 1572 1575 1625)
4(667 1627 1578 664)
4(663 1625 1627 667)
4(663 667 664 660)
4(1625 1575 1578 1627)
4(671 1630 1580 668)
4(667 1627 1630 671)
4(667 671 668 664)
4(1627 1578 1580 1630)
4(675 1633 1583 672)
4(671 1630 1633 675)
4(671 675 672 668)
4(1630 1580 1583 1633)
4(675 1633 1662 679)
4(675 679 1791 672)
4(1633 1583 1604 1662)
4(1124 1639 1586 1169)
4(1124 1182 1669 1639)
4(1124 1169 1175 1182)
4(1639 1669 1610 1586)
4(1127 1644 1590 1170)
4(1124 1639 1644 1127)
4(1124 1127 1170 1169)
4(1639 1586 1590 1644)
4(1130 1647 1592 1171)
4(1127 1644 1647 1130)
4(1127 1130 1171 1170)
4(1644 1590 1592 1647)
4(1132 1650 1595 1172)
4(1130 1647 1650 1132)
4(1130 1132 1172 1171)
4(1647 1592 1595 1650)
4(1134 1654 1598 1173)
4(1132 1650 1654 1134)
4(1132 1134 1173 1172)
4(1650 1595 1598 1654)
4(1136 1657 1601 1174)
4(1134 1654 1657 1136)
4(1134 1136 1174 1173)
4(1654 1598 1601 1657)
4(1137 1663 1605 1176)
4(1136 1657 1663 1137)
4(1136 1137 1176 1174)
4(1657 1601 1605 1663)
4(1138 1667 1608 1177)
4(1137 1663 1667 1138)
4(1137 1138 1177 1176)
4(1663 1605 1608 1667)
4(1139 1671 1612 1178)
4(1138 1667 1671 1139)
4(1138 1139 1178 1177)
4(1667 1608 1612 1671)
4(1140 1677 1614 1179)
4(1139 1671 1677 1140)
4(1139 1140 1179 1178)
4(1671 1612 1614 1677)
4(1141 1683 1616 1180)
4(1140 1677 1683 1141)
4(1140 1141 1180 1179)
4(1677 1614 1616 1683)
4(1143 1685 1618 1181)
4(1141 1683 1685 1143)
4(1141 1143 1181 1180)
4(1683 1616 1618 1685)
4(677 1690 1622 659)
4(1143 1685 1690 677)
4(1143 677 659 1181)
4(1685 1618 1622 1690)
4(681 1694 1625 663)
4(677 1690 1694 681)
4(677 681 663 659)
4(1690 1622 1625 1694)
4(683 1697 1627 667)
4(681 1694 1697 683)
4(681 683 667 663)
4(1694 1625 1627 1697)
4(685 1702 1630 671)
4(683 1697 1702 685)
4(683 685 671 667)
4(1697 1627 1630 1702)
4(687 1706 1633 675)
4(685 1702 1706 687)
4(685 687 675 671)
4(1702 1630 1633 1706)
4(687 1706 1725 689)
4(687 689 679 675)
4(1706 1633 1662 1725)
4(1124 693 1236 1639)
4(1124 1182 692 693)
4(1639 1236 1728 1669)
4(693 692 1728 1236)
4(1127 696 1238 1644)
4(1124 693 696 1127)
4(1639 1644 1238 1236)
4(693 1236 1238 696)
4(1130 702 1240 1647)
4(1127 696 702 1130)
4(1644 1647 1240 1238)
4(696 1238 1240 702)
4(1132 708 1242 1650)
4(1130 702 708 1132)
4(1647 1650 1242 1240)
4(702 1240 1242 708)
4(1134 712 1244 1654)
4(1132 708 712 1134)
4(1650 1654 1244 1242)
4(708 1242 1244 712)
4(1136 714 1246 1657)
4(1134 712 714 1136)
4(1654 1657 1246 1244)
4(712 1244 1246 714)
4(1137 718 1248 1663)
4(1136 714 718 1137)
4(1657 1663 1248 1246)
4(714 1246 1248 718)
4(1138 722 1250 1667)
4(1137 718 722 1138)
4(1663 1667 1250 1248)
4(718 1248 1250 722)
4(1139 728 1252 1671)
4(1138 722 728 1139)
4(1667 1671 1252 1250)
4(722 1250 1252 728)
4(1140 732 1254 1677)
4(1139 728 732 1140)
4(1671 1677 1254 1252)
4(728 1252 1254 732)
4(1141 740 1256 1683)
4(1140 732 740 1141)
4(1677 1683 1256 1254)
4(732 1254 1256 740)
4(1143 746 1258 1685)
4(1141 740 746 1143)
4(1683 1685 1258 1256)
4(740 1256 1258 746)
4(677 757 1260 1690)
4(1143 746 757 677)
4(1685 1690 1260 1258)
4(746 1258 1260 757)
4(681 763 1262 1694)
4(677 757 763 681)
4(1690 1694 1262 1260)
4(757 1260 1262 763)
4(683 767 1264 1697)
4(681 763 767 683)
4(1694 1697 1264 1262)
4(763 1262 1264 767)
4(685 771 1266 1702)
4(683 767 771 685)
4(1697 1702 1266 1264)
4(767 1264 1266 771)
4(687 779 1268 1706)
4(685 771 779 687)
4(1702 1706 1268 1266)
4(771 1266 1268 779)
4(687 779 787 689)
4(1706 1725 1753 1268)
4(779 1268 1753 787)
4(918 711 693 1124)
4(918 917 726 711)
4(918 1124 1182 917)
4(711 726 692 693)
4(921 717 696 1127)
4(918 711 717 921)
4(918 921 1127 1124)
4(711 693 696 717)
4(926 721 702 1130)
4(921 717 721 926)
4(921 926 1130 1127)
4(717 696 702 721)
4(931 725 708 1132)
4(926 721 725 931)
4(926 931 1132 1130)
4(721 702 708 725)
4(940 731 712 1134)
4(931 725 731 940)
4(931 940 1134 1132)
4(725 708 712 731)
4(944 735 714 1136)
4(940 731 735 944)
4(940 944 1136 1134)
4(731 712 714 735)
4(953 743 718 1137)
4(944 735 743 953)
4(944 953 1137 1136)
4(735 714 718 743)
4(958 751 722 1138)
4(953 743 751 958)
4(953 958 1138 1137)
4(743 718 722 751)
4(962 760 728 1139)
4(958 751 760 962)
4(958 962 1139 1138)
4(751 722 728 760)
4(968 766 732 1140)
4(962 760 766 968)
4(962 968 1140 1139)
4(760 728 732 766)
4(972 770 740 1141)
4(968 766 770 972)
4(968 972 1141 1140)
4(766 732 740 770)
4(978 774 746 1143)
4(972 770 774 978)
4(972 978 1143 1141)
4(770 740 746 774)
4(695 784 757 677)
4(978 774 784 695)
4(978 695 677 1143)
4(774 746 757 784)
4(699 790 763 681)
4(695 784 790 699)
4(695 699 681 677)
4(784 757 763 790)
4(701 794 767 683)
4(699 790 794 701)
4(699 701 683 681)
4(790 763 767 794)
4(705 800 771 685)
4(701 794 800 705)
4(701 705 685 683)
4(794 767 771 800)
4(707 804 779 687)
4(705 800 804 707)
4(705 707 687 685)
4(800 771 779 804)
4(707 804 829 739)
4(707 739 689 687)
4(804 779 787 829)
4(957 797 711 918)
4(957 979 840 797)
4(957 918 917 979)
4(797 840 726 711)
4(967 801 717 921)
4(957 797 801 967)
4(957 967 921 918)
4(797 711 717 801)
4(971 805 721 926)
4(967 801 805 971)
4(967 971 926 921)
4(801 717 721 805)
4(977 809 725 931)
4(971 805 809 977)
4(971 977 931 926)
4(805 721 725 809)
4(982 814 731 940)
4(977 809 814 982)
4(977 982 940 931)
4(809 725 731 814)
4(985 820 735 944)
4(982 814 820 985)
4(982 985 944 940)
4(814 731 735 820)
4(994 824 743 953)
4(985 820 824 994)
4(985 994 953 944)
4(820 735 743 824)
4(998 830 751 958)
4(994 824 830 998)
4(994 998 958 953)
4(824 743 751 830)
4(1005 837 760 962)
4(998 830 837 1005)
4(998 1005 962 958)
4(830 751 760 837)
4(1010 842 766 968)
4(1005 837 842 1010)
4(1005 1010 968 962)
4(837 760 766 842)
4(1016 845 770 972)
4(1010 842 845 1016)
4(1010 1016 972 968)
4(842 766 770 845)
4(1023 848 774 978)
4(1016 845 848 1023)
4(1016 1023 978 972)
4(845 770 774 848)
4(737 851 784 695)
4(1023 848 851 737)
4(1023 737 695 978)
4(848 774 784 851)
4(745 856 790 699)
4(737 851 856 745)
4(737 745 699 695)
4(851 784 790 856)
4(749 858 794 701)
4(745 856 858 749)
4(745 749 701 699)
4(856 790 794 858)
4(756 860 800 705)
4(749 858 860 756)
4(749 756 705 701)
4(858 794 800 860)
4(762 862 804 707)
4(756 860 862 762)
4(756 762 707 705)
4(860 800 804 862)
4(762 862 878 778)
4(762 778 739 707)
4(862 804 829 878)
4(1032 864 797 957)
4(1032 1063 883 864)
4(1032 957 979 1063)
4(864 883 840 797)
4(1038 867 801 967)
4(1032 864 867 1038)
4(1032 1038 967 957)
4(864 797 801 867)
4(1043 869 805 971)
4(1038 867 869 1043)
4(1038 1043 971 967)
4(867 801 805 869)
4(1047 871 809 977)
4(1043 869 871 1047)
4(1043 1047 977 971)
4(869 805 809 871)
4(1051 873 814 982)
4(1047 871 873 1051)
4(1047 1051 982 977)
4(871 809 814 873)
4(1055 875 820 985)
4(1051 873 875 1055)
4(1051 1055 985 982)
4(873 814 820 875)
4(1059 879 824 994)
4(1055 875 879 1059)
4(1055 1059 994 985)
4(875 820 824 879)
4(1064 881 830 998)
4(1059 879 881 1064)
4(1059 1064 998 994)
4(879 824 830 881)
4(1068 885 837 1005)
4(1064 881 885 1068)
4(1064 1068 1005 998)
4(881 830 837 885)
4(1072 887 842 1010)
4(1068 885 887 1072)
4(1068 1072 1010 1005)
4(885 837 842 887)
4(1076 889 845 1016)
4(1072 887 889 1076)
4(1072 1076 1016 1010)
4(887 842 845 889)
4(1077 891 848 1023)
4(1076 889 891 1077)
4(1076 1077 1023 1016)
4(889 845 848 891)
4(776 893 851 737)
4(1077 891 893 776)
4(1077 776 737 1023)
4(891 848 851 893)
4(782 895 856 745)
4(776 893 895 782)
4(776 782 745 737)
4(893 851 856 895)
4(786 897 858 749)
4(782 895 897 786)
4(782 786 749 745)
4(895 856 858 897)
4(792 899 860 756)
4(786 897 899 792)
4(786 792 756 749)
4(897 858 860 899)
4(796 901 862 762)
4(792 899 901 796)
4(792 796 762 756)
4(899 860 862 901)
4(796 901 906 808)
4(796 808 778 762)
4(901 862 878 906)
4(1184 1211 935 1084)
4(1084 935 932 1083)
4(1184 1084 1083 1183)
4(1211 1212 932 935)
4(1185 1213 939 1085)
4(1084 1085 939 935)
4(1184 1185 1085 1084)
4(1211 935 939 1213)
4(1186 1214 943 1089)
4(1085 1089 943 939)
4(1185 1186 1089 1085)
4(1213 939 943 1214)
4(1187 1215 949 1092)
4(1089 1092 949 943)
4(1186 1187 1092 1089)
4(1214 943 949 1215)
4(1188 1216 952 1095)
4(1092 1095 952 949)
4(1187 1188 1095 1092)
4(1215 949 952 1216)
4(1189 1217 956 1098)
4(1095 1098 956 952)
4(1188 1189 1098 1095)
4(1216 952 956 1217)
4(1190 1218 961 1101)
4(1098 1101 961 956)
4(1189 1190 1101 1098)
4(1217 956 961 1218)
4(1191 1219 964 1104)
4(1101 1104 964 961)
4(1190 1191 1104 1101)
4(1218 961 964 1219)
4(1192 1220 966 1106)
4(1104 1106 966 964)
4(1191 1192 1106 1104)
4(1219 964 966 1220)
4(1193 1221 970 1109)
4(1106 1109 970 966)
4(1192 1193 1109 1106)
4(1220 966 970 1221)
4(1194 1222 974 1112)
4(1109 1112 974 970)
4(1193 1194 1112 1109)
4(1221 970 974 1222)
4(754 1223 976 1116)
4(1112 1116 976 974)
4(1194 754 1116 1112)
4(1222 974 976 1223)
4(753 1224 981 819)
4(1116 819 981 976)
4(754 753 819 1116)
4(1223 976 981 1224)
4(1225 1226 984 818)
4(819 818 984 981)
4(753 1225 818 819)
4(1224 981 984 1226)
4(1227 1228 987 823)
4(818 823 987 984)
4(1225 1227 823 818)
4(1226 984 987 1228)
4(1229 1230 993 827)
4(823 827 993 987)
4(1227 1229 827 823)
4(1228 987 993 1230)
4(1231 1232 996 833)
4(827 833 996 993)
4(1229 1231 833 827)
4(1230 993 996 1232)
4(833 836 1000 996)
4(1231 1233 836 833)
4(1232 996 1000 1234)
4(1084 935 903 1081)
4(1081 903 946 1114)
4(1084 1081 1114 1083)
4(935 932 946 903)
4(1085 939 907 1087)
4(1081 1087 907 903)
4(1084 1085 1087 1081)
4(935 903 907 939)
4(1089 943 909 1090)
4(1087 1090 909 907)
4(1085 1089 1090 1087)
4(939 907 909 943)
4(1092 949 911 1093)
4(1090 1093 911 909)
4(1089 1092 1093 1090)
4(943 909 911 949)
4(1095 952 913 1096)
4(1093 1096 913 911)
4(1092 1095 1096 1093)
4(949 911 913 952)
4(1098 956 915 1099)
4(1096 1099 915 913)
4(1095 1098 1099 1096)
4(952 913 915 956)
4(1101 961 919 1102)
4(1099 1102 919 915)
4(1098 1101 1102 1099)
4(956 915 919 961)
4(1104 964 922 1105)
4(1102 1105 922 919)
4(1101 1104 1105 1102)
4(961 919 922 964)
4(1106 966 924 1107)
4(1105 1107 924 922)
4(1104 1106 1107 1105)
4(964 922 924 966)
4(1109 970 927 1110)
4(1107 1110 927 924)
4(1106 1109 1110 1107)
4(966 924 927 970)
4(1112 974 929 1113)
4(1110 1113 929 927)
4(1109 1112 1113 1110)
4(970 927 929 974)
4(1116 976 936 1117)
4(1113 1117 936 929)
4(1112 1116 1117 1113)
4(974 929 936 976)
4(819 981 646 647)
4(1117 647 646 936)
4(1116 819 647 1117)
4(976 936 646 981)
4(818 984 645 644)
4(647 644 645 646)
4(819 818 644 647)
4(981 646 645 984)
4(823 987 649 648)
4(644 648 649 645)
4(818 823 648 644)
4(984 645 649 987)
4(827 993 651 650)
4(648 650 651 649)
4(823 827 650 648)
4(987 649 651 993)
4(833 996 653 652)
4(650 652 653 651)
4(827 833 652 650)
4(993 651 653 996)
4(652 654 655 653)
4(833 836 654 652)
4(996 653 655 1000)
4(1081 903 864 1032)
4(1081 1032 1063 1114)
4(903 946 883 864)
4(1087 907 867 1038)
4(1081 1087 1038 1032)
4(903 864 867 907)
4(1090 909 869 1043)
4(1087 1090 1043 1038)
4(907 867 869 909)
4(1093 911 871 1047)
4(1090 1093 1047 1043)
4(909 869 871 911)
4(1096 913 873 1051)
4(1093 1096 1051 1047)
4(911 871 873 913)
4(1099 915 875 1055)
4(1096 1099 1055 1051)
4(913 873 875 915)
4(1102 919 879 1059)
4(1099 1102 1059 1055)
4(915 875 879 919)
4(1105 922 881 1064)
4(1102 1105 1064 1059)
4(919 879 881 922)
4(1107 924 885 1068)
4(1105 1107 1068 1064)
4(922 881 885 924)
4(1110 927 887 1072)
4(1107 1110 1072 1068)
4(924 885 887 927)
4(1113 929 889 1076)
4(1110 1113 1076 1072)
4(927 887 889 929)
4(1117 936 891 1077)
4(1113 1117 1077 1076)
4(929 889 891 936)
4(647 646 893 776)
4(1117 647 776 1077)
4(936 891 893 646)
4(644 645 895 782)
4(647 644 782 776)
4(646 893 895 645)
4(648 649 897 786)
4(644 648 786 782)
4(645 895 897 649)
4(650 651 899 792)
4(648 650 792 786)
4(649 897 899 651)
4(652 653 901 796)
4(650 652 796 792)
4(651 899 901 653)
4(652 654 808 796)
4(653 901 906 655)
4(1142 161 174 1156)
4(1142 1149 162 161)
4(1156 174 175 1163)
4(1144 163 176 1157)
4(1142 161 163 1144)
4(1156 1157 176 174)
4(1145 164 177 1158)
4(1144 163 164 1145)
4(1157 1158 177 176)
4(1146 165 178 1159)
4(1145 164 165 1146)
4(1158 1159 178 177)
4(1147 166 179 1160)
4(1146 165 166 1147)
4(1159 1160 179 178)
4(1148 167 180 1161)
4(1147 166 167 1148)
4(1160 1161 180 179)
4(1150 168 181 1162)
4(1148 167 168 1150)
4(1161 1162 181 180)
4(1151 169 182 1164)
4(1150 168 169 1151)
4(1162 1164 182 181)
4(1152 170 183 1165)
4(1151 169 170 1152)
4(1164 1165 183 182)
4(1153 171 184 1166)
4(1152 170 171 1153)
4(1165 1166 184 183)
4(1154 172 185 1167)
4(1153 171 172 1154)
4(1166 1167 185 184)
4(1155 173 186 1168)
4(1154 172 173 1155)
4(1167 1168 186 185)
4(1757 1756 657 656)
4(1155 173 1756 1757)
4(1168 656 657 186)
4(1786 1812 661 660)
4(1757 1756 1812 1786)
4(656 660 661 657)
4(1787 1813 665 664)
4(1786 1812 1813 1787)
4(660 664 665 661)
4(1788 1814 669 668)
4(1787 1813 1814 1788)
4(664 668 669 665)
4(1789 1815 673 672)
4(1788 1814 1815 1789)
4(668 672 673 669)
4(1789 1815 1816 1790)
4(672 1791 1817 673)
4(1142 1118 148 161)
4(1118 1128 149 148)
4(1144 1119 150 163)
4(1118 148 150 1119)
4(1145 1120 151 164)
4(1119 150 151 1120)
4(1146 1121 152 165)
4(1120 151 152 1121)
4(1147 1122 153 166)
4(1121 152 153 1122)
4(1148 1123 154 167)
4(1122 153 154 1123)
4(1150 1125 155 168)
4(1123 154 155 1125)
4(1151 1126 156 169)
4(1125 155 156 1126)
4(1152 1129 157 170)
4(1126 156 157 1129)
4(1153 1131 158 171)
4(1129 157 158 1131)
4(1154 1133 159 172)
4(1131 158 159 1133)
4(1155 1135 160 173)
4(1133 159 160 1135)
4(1757 1745 1744 1756)
4(1135 160 1744 1745)
4(1786 1781 1807 1812)
4(1745 1744 1807 1781)
4(1787 1782 1808 1813)
4(1781 1807 1808 1782)
4(1788 1783 1809 1814)
4(1782 1808 1809 1783)
4(1789 1784 1810 1815)
4(1783 1809 1810 1784)
4(1784 1810 1811 1785)
4(1118 1079 135 148)
4(1079 1091 136 135)
4(1119 1080 137 150)
4(1079 135 137 1080)
4(1120 1082 138 151)
4(1080 137 138 1082)
4(1121 1086 139 152)
4(1082 138 139 1086)
4(1122 1088 140 153)
4(1086 139 140 1088)
4(1123 1094 141 154)
4(1088 140 141 1094)
4(1125 1097 142 155)
4(1094 141 142 1097)
4(1126 1100 143 156)
4(1097 142 143 1100)
4(1129 1103 144 157)
4(1100 143 144 1103)
4(1131 1108 145 158)
4(1103 144 145 1108)
4(1133 1111 146 159)
4(1108 145 146 1111)
4(1135 1115 147 160)
4(1111 146 147 1115)
4(1745 1723 1722 1744)
4(1115 147 1722 1723)
4(1781 1776 1802 1807)
4(1723 1722 1802 1776)
4(1782 1777 1803 1808)
4(1776 1802 1803 1777)
4(1783 1778 1804 1809)
4(1777 1803 1804 1778)
4(1784 1779 1805 1810)
4(1778 1804 1805 1779)
4(1779 1805 1806 1780)
4(1079 991 122 135)
4(991 1078 123 122)
4(1080 1004 124 137)
4(991 122 124 1004)
4(1082 1009 125 138)
4(1004 124 125 1009)
4(1086 1015 126 139)
4(1009 125 126 1015)
4(1088 1020 127 140)
4(1015 126 127 1020)
4(1094 1027 128 141)
4(1020 127 128 1027)
4(1097 1031 129 142)
4(1027 128 129 1031)
4(1100 1036 130 143)
4(1031 129 130 1036)
4(1103 1041 131 144)
4(1036 130 131 1041)
4(1108 1046 132 145)
4(1041 131 132 1046)
4(1111 1050 133 146)
4(1046 132 133 1050)
4(1115 1054 134 147)
4(1050 133 134 1054)
4(1723 1058 1681 1722)
4(1054 134 1681 1058)
4(1776 1062 1797 1802)
4(1058 1681 1797 1062)
4(1777 1067 1798 1803)
4(1062 1797 1798 1067)
4(1778 1071 1799 1804)
4(1067 1798 1799 1071)
4(1779 1075 1800 1805)
4(1071 1799 1800 1075)
4(1075 1800 1801 1775)
4(991 988 109 122)
4(1004 997 111 124)
4(1009 1001 112 125)
4(1015 1006 113 126)
4(1020 1012 114 127)
4(1027 1017 115 128)
4(1031 1022 116 129)
4(1036 1024 117 130)
4(1041 1028 118 131)
4(1046 1033 119 132)
4(1050 1037 120 133)
4(1054 1042 121 134)
4(1058 1637 1636 1681)
4(1062 1770 1792 1797)
4(1067 1771 1793 1798)
4(1071 1772 1794 1799)
4(1075 1773 1795 1800)
4(1208 1203 87 92)
4(1202 86 87 1203)
4(1209 1205 88 93)
4(1203 87 88 1205)
4(1210 1206 89 94)
4(1205 88 89 1206)
4(855 813 90 95)
4(1206 89 90 813)
4(854 812 811 853)
4(813 90 811 812)
4(1519 1480 1479 1518)
4(812 811 1479 1480)
4(1523 1486 1485 1522)
4(1480 1479 1485 1486)
4(1528 1491 1490 1527)
4(1486 1485 1490 1491)
4(1532 1496 1495 1531)
4(1491 1490 1495 1496)
4(1496 1495 1513 1514)
4(1195 1184 65 78)
4(1184 1183 66 65)
4(1196 1185 67 80)
4(1184 65 67 1185)
4(1197 1186 68 81)
4(1185 67 68 1186)
4(1198 1187 69 82)
4(1186 68 69 1187)
4(1199 1188 70 83)
4(1187 69 70 1188)
4(1200 1189 71 84)
4(1188 70 71 1189)
4(1201 1190 72 85)
4(1189 71 72 1190)
4(1202 1191 73 86)
4(1190 72 73 1191)
4(1203 1192 74 87)
4(1191 73 74 1192)
4(1205 1193 75 88)
4(1192 74 75 1193)
4(1206 1194 76 89)
4(1193 75 76 1194)
4(813 754 77 90)
4(1194 76 77 754)
4(812 753 752 811)
4(754 77 752 753)
4(1480 1225 1458 1479)
4(753 752 1458 1225)
4(1486 1227 1465 1485)
4(1225 1458 1465 1227)
4(1491 1229 1470 1490)
4(1227 1465 1470 1229)
4(1496 1231 1473 1495)
4(1229 1470 1473 1231)
4(1231 1473 1478 1233)
4(1184 1084 52 65)
4(1084 1083 53 52)
4(1185 1085 54 67)
4(1084 52 54 1085)
4(1186 1089 55 68)
4(1085 54 55 1089)
4(1187 1092 56 69)
4(1089 55 56 1092)
4(1188 1095 57 70)
4(1092 56 57 1095)
4(1189 1098 58 71)
4(1095 57 58 1098)
4(1190 1101 59 72)
4(1098 58 59 1101)
4(1191 1104 60 73)
4(1101 59 60 1104)
4(1192 1106 61 74)
4(1104 60 61 1106)
4(1193 1109 62 75)
4(1106 61 62 1109)
4(1194 1112 63 76)
4(1109 62 63 1112)
4(754 1116 64 77)
4(1112 63 64 1116)
4(753 819 816 752)
4(1116 64 816 819)
4(1225 818 817 1458)
4(819 816 817 818)
4(1227 823 822 1465)
4(818 817 822 823)
4(1229 827 826 1470)
4(823 822 826 827)
4(1231 833 832 1473)
4(827 826 832 833)
4(833 832 835 836)
4(1084 1081 39 52)
4(1081 1114 40 39)
4(1085 1087 41 54)
4(1081 39 41 1087)
4(1089 1090 42 55)
4(1087 41 42 1090)
4(1092 1093 43 56)
4(1090 42 43 1093)
4(1095 1096 44 57)
4(1093 43 44 1096)
4(1098 1099 45 58)
4(1096 44 45 1099)
4(1101 1102 46 59)
4(1099 45 46 1102)
4(1104 1105 47 60)
4(1102 46 47 1105)
4(1106 1107 48 61)
4(1105 47 48 1107)
4(1109 1110 49 62)
4(1107 48 49 1110)
4(1112 1113 50 63)
4(1110 49 50 1113)
4(1116 1117 51 64)
4(1113 50 51 1117)
4(819 647 834 816)
4(1117 51 834 647)
4(818 644 839 817)
4(647 834 839 644)
4(823 648 844 822)
4(644 839 844 648)
4(827 650 847 826)
4(648 844 847 650)
4(833 652 850 832)
4(650 847 850 652)
4(652 850 866 654)
4(1081 1032 18 39)
4(1032 1063 19 18)
4(1087 1038 20 41)
4(1032 18 20 1038)
4(1090 1043 23 42)
4(1038 20 23 1043)
4(1093 1047 26 43)
4(1043 23 26 1047)
4(1096 1051 29 44)
4(1047 26 29 1051)
4(1099 1055 30 45)
4(1051 29 30 1055)
4(1102 1059 33 46)
4(1055 30 33 1059)
4(1105 1064 34 47)
4(1059 33 34 1064)
4(1107 1068 35 48)
4(1064 34 35 1068)
4(1110 1072 36 49)
4(1068 35 36 1072)
4(1113 1076 37 50)
4(1072 36 37 1076)
4(1117 1077 38 51)
4(1076 37 38 1077)
4(647 776 775 834)
4(1077 38 775 776)
4(644 782 781 839)
4(776 775 781 782)
4(648 786 785 844)
4(782 781 785 786)
4(650 792 791 847)
4(786 785 791 792)
4(652 796 795 850)
4(792 791 795 796)
4(796 795 807 808)
4(1032 957 3 18)
4(957 979 0 3)
4(1038 967 5 20)
4(957 3 5 967)
4(1043 971 7 23)
4(967 5 7 971)
4(1047 977 9 26)
4(971 7 9 977)
4(1051 982 11 29)
4(977 9 11 982)
4(1055 985 13 30)
4(982 11 13 985)
4(1059 994 15 33)
4(985 13 15 994)
4(1064 998 17 34)
4(994 15 17 998)
4(1068 1005 22 35)
4(998 17 22 1005)
4(1072 1010 25 36)
4(1005 22 25 1010)
4(1076 1016 28 37)
4(1010 25 28 1016)
4(1077 1023 32 38)
4(1016 28 32 1023)
4(776 737 736 775)
4(1023 32 736 737)
4(782 745 744 781)
4(737 736 744 745)
4(786 749 748 785)
4(745 744 748 749)
4(792 756 755 791)
4(749 748 755 756)
4(796 762 761 795)
4(756 755 761 762)
4(762 761 777 778)
4(957 918 2 3)
4(918 917 1 2)
4(967 921 4 5)
4(918 2 4 921)
4(971 926 6 7)
4(921 4 6 926)
4(977 931 8 9)
4(926 6 8 931)
4(982 940 10 11)
4(931 8 10 940)
4(985 944 12 13)
4(940 10 12 944)
4(994 953 14 15)
4(944 12 14 953)
4(998 958 16 17)
4(953 14 16 958)
4(1005 962 21 22)
4(958 16 21 962)
4(1010 968 24 25)
4(962 21 24 968)
4(1016 972 27 28)
4(968 24 27 972)
4(1023 978 31 32)
4(972 27 31 978)
4(737 695 694 736)
4(978 31 694 695)
4(745 699 698 744)
4(695 694 698 699)
4(749 701 700 748)
4(699 698 700 701)
4(756 705 704 755)
4(701 700 704 705)
4(762 707 706 761)
4(705 704 706 707)
4(707 706 738 739)
4(918 1124 97 2)
4(1124 1182 96 97)
4(921 1127 98 4)
4(1124 97 98 1127)
4(926 1130 99 6)
4(1127 98 99 1130)
4(931 1132 100 8)
4(1130 99 100 1132)
4(940 1134 101 10)
4(1132 100 101 1134)
4(944 1136 102 12)
4(1134 101 102 1136)
4(953 1137 103 14)
4(1136 102 103 1137)
4(958 1138 104 16)
4(1137 103 104 1138)
4(962 1139 105 21)
4(1138 104 105 1139)
4(968 1140 106 24)
4(1139 105 106 1140)
4(972 1141 107 27)
4(1140 106 107 1141)
4(978 1143 108 31)
4(1141 107 108 1143)
4(695 677 676 694)
4(1143 108 676 677)
4(699 681 680 698)
4(677 676 680 681)
4(701 683 682 700)
4(681 680 682 683)
4(705 685 684 704)
4(683 682 684 685)
4(707 687 686 706)
4(685 684 686 687)
4(687 686 688 689)
4(1124 1169 187 97)
4(1169 1175 188 187)
4(1127 1170 189 98)
4(1169 187 189 1170)
4(1130 1171 190 99)
4(1170 189 190 1171)
4(1132 1172 191 100)
4(1171 190 191 1172)
4(1134 1173 192 101)
4(1172 191 192 1173)
4(1136 1174 193 102)
4(1173 192 193 1174)
4(1137 1176 194 103)
4(1174 193 194 1176)
4(1138 1177 195 104)
4(1176 194 195 1177)
4(1139 1178 196 105)
4(1177 195 196 1178)
4(1140 1179 197 106)
4(1178 196 197 1179)
4(1141 1180 198 107)
4(1179 197 198 1180)
4(1143 1181 199 108)
4(1180 198 199 1181)
4(677 659 658 676)
4(1181 199 658 659)
4(681 663 662 680)
4(659 658 662 663)
4(683 667 666 682)
4(663 662 666 667)
4(685 671 670 684)
4(667 666 670 671)
4(687 675 674 686)
4(671 670 674 675)
4(675 674 678 679)
4(1169 1156 174 187)
4(1170 1157 176 189)
4(1171 1158 177 190)
4(1172 1159 178 191)
4(1173 1160 179 192)
4(1174 1161 180 193)
4(1176 1162 181 194)
4(1177 1164 182 195)
4(1178 1165 183 196)
4(1179 1166 184 197)
4(1180 1167 185 198)
4(1181 1168 186 199)
4(659 656 657 658)
4(663 660 661 662)
4(667 664 665 666)
4(671 668 669 670)
4(675 672 673 674)
4(711 710 690 693)
4(711 726 727 710)
4(693 690 691 692)
4(717 716 697 696)
4(711 710 716 717)
4(693 696 697 690)
4(721 720 703 702)
4(717 716 720 721)
4(696 702 703 697)
4(725 724 709 708)
4(721 720 724 725)
4(702 708 709 703)
4(731 730 713 712)
4(725 724 730 731)
4(708 712 713 709)
4(735 734 715 714)
4(731 730 734 735)
4(712 714 715 713)
4(743 742 719 718)
4(735 734 742 743)
4(714 718 719 715)
4(751 750 723 722)
4(743 742 750 751)
4(718 722 723 719)
4(760 759 729 728)
4(751 750 759 760)
4(722 728 729 723)
4(766 765 733 732)
4(760 759 765 766)
4(728 732 733 729)
4(770 769 741 740)
4(766 765 769 770)
4(732 740 741 733)
4(774 773 747 746)
4(770 769 773 774)
4(740 746 747 741)
4(784 783 758 757)
4(774 773 783 784)
4(746 757 758 747)
4(790 789 764 763)
4(784 783 789 790)
4(757 763 764 758)
4(794 793 768 767)
4(790 789 793 794)
4(763 767 768 764)
4(800 799 772 771)
4(794 793 799 800)
4(767 771 772 768)
4(804 803 780 779)
4(800 799 803 804)
4(771 779 780 772)
4(804 803 828 829)
4(779 787 788 780)
4(711 797 798 710)
4(797 840 841 798)
4(717 801 802 716)
4(797 798 802 801)
4(721 805 806 720)
4(801 802 806 805)
4(725 809 810 724)
4(805 806 810 809)
4(731 814 815 730)
4(809 810 815 814)
4(735 820 821 734)
4(814 815 821 820)
4(743 824 825 742)
4(820 821 825 824)
4(751 830 831 750)
4(824 825 831 830)
4(760 837 838 759)
4(830 831 838 837)
4(766 842 843 765)
4(837 838 843 842)
4(770 845 846 769)
4(842 843 846 845)
4(774 848 849 773)
4(845 846 849 848)
4(784 851 852 783)
4(848 849 852 851)
4(790 856 857 789)
4(851 852 857 856)
4(794 858 859 793)
4(856 857 859 858)
4(800 860 861 799)
4(858 859 861 860)
4(804 862 863 803)
4(860 861 863 862)
4(862 863 877 878)
4(797 864 865 798)
4(864 883 884 865)
4(801 867 868 802)
4(864 865 868 867)
4(805 869 870 806)
4(867 868 870 869)
4(809 871 872 810)
4(869 870 872 871)
4(814 873 874 815)
4(871 872 874 873)
4(820 875 876 821)
4(873 874 876 875)
4(824 879 880 825)
4(875 876 880 879)
4(830 881 882 831)
4(879 880 882 881)
4(837 885 886 838)
4(881 882 886 885)
4(842 887 888 843)
4(885 886 888 887)
4(845 889 890 846)
4(887 888 890 889)
4(848 891 892 849)
4(889 890 892 891)
4(851 893 894 852)
4(891 892 894 893)
4(856 895 896 857)
4(893 894 896 895)
4(858 897 898 859)
4(895 896 898 897)
4(860 899 900 861)
4(897 898 900 899)
4(862 901 902 863)
4(899 900 902 901)
4(901 902 905 906)
4(864 903 904 865)
4(903 946 947 904)
4(867 907 908 868)
4(903 904 908 907)
4(869 909 910 870)
4(907 908 910 909)
4(871 911 912 872)
4(909 910 912 911)
4(873 913 914 874)
4(911 912 914 913)
4(875 915 916 876)
4(913 914 916 915)
4(879 919 920 880)
4(915 916 920 919)
4(881 922 923 882)
4(919 920 923 922)
4(885 924 925 886)
4(922 923 925 924)
4(887 927 928 888)
4(924 925 928 927)
4(889 929 930 890)
4(927 928 930 929)
4(891 936 937 892)
4(929 930 937 936)
4(893 646 941 894)
4(936 937 941 646)
4(895 645 945 896)
4(646 941 945 645)
4(897 649 950 898)
4(645 945 950 649)
4(899 651 954 900)
4(649 950 954 651)
4(901 653 959 902)
4(651 954 959 653)
4(653 959 1011 655)
4(903 935 934 904)
4(935 932 933 934)
4(907 939 938 908)
4(935 934 938 939)
4(909 943 942 910)
4(939 938 942 943)
4(911 949 948 912)
4(943 942 948 949)
4(913 952 951 914)
4(949 948 951 952)
4(915 956 955 916)
4(952 951 955 956)
4(919 961 960 920)
4(956 955 960 961)
4(922 964 963 923)
4(961 960 963 964)
4(924 966 965 925)
4(964 963 965 966)
4(927 970 969 928)
4(966 965 969 970)
4(929 974 973 930)
4(970 969 973 974)
4(936 976 975 937)
4(974 973 975 976)
4(646 981 980 941)
4(976 975 980 981)
4(645 984 983 945)
4(981 980 983 984)
4(649 987 986 950)
4(984 983 986 987)
4(651 993 992 954)
4(987 986 992 993)
4(653 996 995 959)
4(993 992 995 996)
4(996 995 999 1000)
4(935 1211 1621 934)
4(1211 1212 1620 1621)
4(939 1213 1624 938)
4(1211 1621 1624 1213)
4(943 1214 1629 942)
4(1213 1624 1629 1214)
4(949 1215 1635 948)
4(1214 1629 1635 1215)
4(952 1216 1638 951)
4(1215 1635 1638 1216)
4(956 1217 1642 955)
4(1216 1638 1642 1217)
4(961 1218 1649 960)
4(1217 1642 1649 1218)
4(964 1219 1653 963)
4(1218 1649 1653 1219)
4(966 1220 1659 965)
4(1219 1653 1659 1220)
4(970 1221 1666 969)
4(1220 1659 1666 1221)
4(974 1222 1675 973)
4(1221 1666 1675 1222)
4(976 1223 1682 975)
4(1222 1675 1682 1223)
4(981 1224 1689 980)
4(1223 1682 1689 1224)
4(984 1226 1696 983)
4(1224 1689 1696 1226)
4(987 1228 1701 986)
4(1226 1696 1701 1228)
4(993 1230 1708 992)
4(1228 1701 1708 1230)
4(996 1232 1711 995)
4(1230 1708 1711 1232)
4(1232 1711 1714 1234)
4(1211 1328 1632 1621)
4(1328 1330 1643 1632)
4(1213 1335 1641 1624)
4(1328 1632 1641 1335)
4(1214 1344 1646 1629)
4(1335 1641 1646 1344)
4(1215 1349 1652 1635)
4(1344 1646 1652 1349)
4(1216 1355 1656 1638)
4(1349 1652 1656 1355)
4(1217 1366 1665 1642)
4(1355 1656 1665 1366)
4(1218 1374 1673 1649)
4(1366 1665 1673 1374)
4(1219 1380 1679 1653)
4(1374 1673 1679 1380)
4(1220 1386 1687 1659)
4(1380 1679 1687 1386)
4(1221 1392 1692 1666)
4(1386 1687 1692 1392)
4(1222 1404 1699 1675)
4(1392 1692 1699 1404)
4(1223 1417 1704 1682)
4(1404 1699 1704 1417)
4(1224 1427 1709 1689)
4(1417 1704 1709 1427)
4(1226 1438 1712 1696)
4(1427 1709 1712 1438)
4(1228 1448 1715 1701)
4(1438 1712 1715 1448)
4(1230 1457 1717 1708)
4(1448 1715 1717 1457)
4(1232 1467 1719 1711)
4(1457 1717 1719 1467)
4(1467 1719 1731 1476)
4(1328 1327 1660 1632)
4(1327 1331 1676 1660)
4(1335 1333 1674 1641)
4(1327 1660 1674 1333)
4(1344 1341 1680 1646)
4(1333 1674 1680 1341)
4(1349 1347 1688 1652)
4(1341 1680 1688 1347)
4(1355 1354 1693 1656)
4(1347 1688 1693 1354)
4(1366 1360 1700 1665)
4(1354 1693 1700 1360)
4(1374 1371 1705 1673)
4(1360 1700 1705 1371)
4(1380 1377 1710 1679)
4(1371 1705 1710 1377)
4(1386 1385 1713 1687)
4(1377 1710 1713 1385)
4(1392 1391 1716 1692)
4(1385 1713 1716 1391)
4(1404 1401 1718 1699)
4(1391 1716 1718 1401)
4(1417 1412 1720 1704)
4(1401 1718 1720 1412)
4(1427 1426 1726 1709)
4(1412 1720 1726 1426)
4(1438 1435 1730 1712)
4(1426 1726 1730 1435)
4(1448 1446 1733 1715)
4(1435 1730 1733 1446)
4(1457 1454 1735 1717)
4(1446 1733 1735 1454)
4(1467 1464 1738 1719)
4(1454 1735 1738 1464)
4(1464 1738 1741 1472)
4(1327 1411 1721 1660)
4(1333 1423 1727 1674)
4(1341 1432 1732 1680)
4(1347 1439 1734 1688)
4(1354 1447 1736 1693)
4(1360 1453 1737 1700)
4(1371 1459 1739 1705)
4(1377 1466 1740 1710)
4(1385 1471 1742 1713)
4(1466 1740 1742 1471)
4(1391 1477 1743 1716)
4(1471 1742 1743 1477)
4(1401 1487 1747 1718)
4(1477 1743 1747 1487)
4(1412 1494 1748 1720)
4(1487 1747 1748 1494)
4(1426 1503 1749 1726)
4(1494 1748 1749 1503)
4(1435 1510 1750 1730)
4(1503 1749 1750 1510)
4(1446 1517 1751 1733)
4(1510 1750 1751 1517)
4(1454 1526 1754 1735)
4(1517 1751 1754 1526)
4(1464 1535 1755 1738)
4(1526 1754 1755 1535)
4(1535 1755 1758 1540)
4(1471 1574 1760 1742)
4(1477 1577 1761 1743)
4(1487 1582 1762 1747)
4(1494 1585 1763 1748)
4(1503 1588 1764 1749)
4(1510 1589 1765 1750)
4(1517 1594 1766 1751)
4(1526 1597 1767 1754)
4(1535 1600 1768 1755)
4(1269 990 1305 1270)
4(990 1315 1316 1305)
4(1271 1003 1306 1272)
4(990 1305 1306 1003)
4(1273 1008 1307 1274)
4(1003 1306 1307 1008)
4(1275 1014 1308 1276)
4(1008 1307 1308 1014)
4(1277 1019 1309 1278)
4(1014 1308 1309 1019)
4(1279 1026 1310 1280)
4(1019 1309 1310 1026)
4(1281 1030 1313 1282)
4(1026 1310 1313 1030)
4(1283 1035 1314 1284)
4(1030 1313 1314 1035)
4(1287 1040 1317 1288)
4(1035 1314 1317 1040)
4(1289 1045 1318 1290)
4(1040 1317 1318 1045)
4(1291 1049 1319 1292)
4(1045 1318 1319 1049)
4(1293 1053 1320 1294)
4(1049 1319 1320 1053)
4(1295 1057 1321 1296)
4(1053 1320 1321 1057)
4(1297 1061 1322 1298)
4(1057 1321 1322 1061)
4(1299 1066 1323 1300)
4(1061 1322 1323 1066)
4(1301 1070 1324 1302)
4(1066 1323 1324 1070)
4(1303 1074 1325 1304)
4(1070 1324 1325 1074)
4(1074 1325 1337 1338)
4(990 989 1326 1305)
4(989 1342 1343 1326)
4(990 1315 1342 989)
4(1003 1002 1329 1306)
4(989 1326 1329 1002)
4(990 989 1002 1003)
4(1008 1007 1332 1307)
4(1002 1329 1332 1007)
4(1003 1002 1007 1008)
4(1014 1013 1334 1308)
4(1007 1332 1334 1013)
4(1008 1007 1013 1014)
4(1019 1018 1336 1309)
4(1013 1334 1336 1018)
4(1014 1013 1018 1019)
4(1026 1025 1339 1310)
4(1018 1336 1339 1025)
4(1019 1018 1025 1026)
4(1030 1029 1340 1313)
4(1025 1339 1340 1029)
4(1026 1025 1029 1030)
4(1035 1034 1345 1314)
4(1029 1340 1345 1034)
4(1030 1029 1034 1035)
4(1040 1039 1346 1317)
4(1034 1345 1346 1039)
4(1035 1034 1039 1040)
4(1045 1044 1348 1318)
4(1039 1346 1348 1044)
4(1040 1039 1044 1045)
4(1049 1048 1350 1319)
4(1044 1348 1350 1048)
4(1045 1044 1048 1049)
4(1053 1052 1353 1320)
4(1048 1350 1353 1052)
4(1049 1048 1052 1053)
4(1057 1056 1356 1321)
4(1052 1353 1356 1056)
4(1053 1052 1056 1057)
4(1061 1060 1357 1322)
4(1056 1356 1357 1060)
4(1057 1056 1060 1061)
4(1066 1065 1361 1323)
4(1060 1357 1361 1065)
4(1061 1060 1065 1066)
4(1070 1069 1367 1324)
4(1065 1361 1367 1069)
4(1066 1065 1069 1070)
4(1074 1073 1370 1325)
4(1069 1367 1370 1073)
4(1070 1069 1073 1074)
4(1073 1370 1399 1400)
4(1074 1073 1400 1338)
4(989 1351 1352 1326)
4(1351 1362 1363 1352)
4(1002 1358 1359 1329)
4(1351 1352 1359 1358)
4(1007 1364 1365 1332)
4(1358 1359 1365 1364)
4(1013 1368 1369 1334)
4(1364 1365 1369 1368)
4(1018 1372 1373 1336)
4(1368 1369 1373 1372)
4(1025 1375 1376 1339)
4(1372 1373 1376 1375)
4(1029 1378 1379 1340)
4(1375 1376 1379 1378)
4(1034 1381 1382 1345)
4(1378 1379 1382 1381)
4(1039 1383 1384 1346)
4(1381 1382 1384 1383)
4(1044 1387 1388 1348)
4(1383 1384 1388 1387)
4(1048 1389 1390 1350)
4(1387 1388 1390 1389)
4(1052 1393 1394 1353)
4(1389 1390 1394 1393)
4(1056 1397 1398 1356)
4(1393 1394 1398 1397)
4(1060 1402 1403 1357)
4(1397 1398 1403 1402)
4(1065 1407 1408 1361)
4(1402 1403 1408 1407)
4(1069 1413 1414 1367)
4(1407 1408 1414 1413)
4(1073 1419 1420 1370)
4(1413 1414 1420 1419)
4(1419 1420 1430 1431)
4(1351 1395 1396 1352)
4(1395 1440 1441 1396)
4(1358 1405 1406 1359)
4(1395 1396 1406 1405)
4(1364 1409 1410 1365)
4(1405 1406 1410 1409)
4(1368 1415 1416 1369)
4(1409 1410 1416 1415)
4(1372 1421 1422 1373)
4(1415 1416 1422 1421)
4(1375 1424 1425 1376)
4(1421 1422 1425 1424)
4(1378 1428 1429 1379)
4(1424 1425 1429 1428)
4(1381 1433 1434 1382)
4(1428 1429 1434 1433)
4(1383 1436 1437 1384)
4(1433 1434 1437 1436)
4(1387 1442 1443 1388)
4(1436 1437 1443 1442)
4(1389 1444 1445 1390)
4(1442 1443 1445 1444)
4(1393 1449 1450 1394)
4(1444 1445 1450 1449)
4(1397 1451 1452 1398)
4(1449 1450 1452 1451)
4(1402 1455 1456 1403)
4(1451 1452 1456 1455)
4(1407 1460 1461 1408)
4(1455 1456 1461 1460)
4(1413 1462 1463 1414)
4(1460 1461 1463 1462)
4(1419 1468 1469 1420)
4(1462 1463 1469 1468)
4(1468 1469 1499 1500)
4(1395 1474 1475 1396)
4(1474 1506 1507 1475)
4(1405 1481 1482 1406)
4(1474 1475 1482 1481)
4(1409 1483 1484 1410)
4(1481 1482 1484 1483)
4(1415 1488 1489 1416)
4(1483 1484 1489 1488)
4(1421 1492 1493 1422)
4(1488 1489 1493 1492)
4(1424 1497 1498 1425)
4(1492 1493 1498 1497)
4(1428 1501 1502 1429)
4(1497 1498 1502 1501)
4(1433 1504 1505 1434)
4(1501 1502 1505 1504)
4(1436 1508 1509 1437)
4(1504 1505 1509 1508)
4(1442 1511 1512 1443)
4(1508 1509 1512 1511)
4(1444 1515 1516 1445)
4(1511 1512 1516 1515)
4(1449 1520 1521 1450)
4(1515 1516 1521 1520)
4(1451 1524 1525 1452)
4(1520 1521 1525 1524)
4(1455 1529 1530 1456)
4(1524 1525 1530 1529)
4(1460 1533 1534 1461)
4(1529 1530 1534 1533)
4(1462 1536 1537 1463)
4(1533 1534 1537 1536)
4(1468 1538 1539 1469)
4(1536 1537 1539 1538)
4(1538 1539 1555 1556)
4(1474 1541 1542 1475)
4(1541 1561 1562 1542)
4(1481 1545 1546 1482)
4(1541 1542 1546 1545)
4(1483 1547 1548 1484)
4(1545 1546 1548 1547)
4(1488 1549 1550 1489)
4(1547 1548 1550 1549)
4(1492 1551 1552 1493)
4(1549 1550 1552 1551)
4(1497 1553 1554 1498)
4(1551 1552 1554 1553)
4(1501 1557 1558 1502)
4(1553 1554 1558 1557)
4(1504 1559 1560 1505)
4(1557 1558 1560 1559)
4(1508 1563 1564 1509)
4(1559 1560 1564 1563)
4(1511 1565 1566 1512)
4(1563 1564 1566 1565)
4(1515 1567 1568 1516)
4(1565 1566 1568 1567)
4(1520 1569 1570 1521)
4(1567 1568 1570 1569)
4(1524 1572 1573 1525)
4(1569 1570 1573 1572)
4(1529 1575 1576 1530)
4(1572 1573 1576 1575)
4(1533 1578 1579 1534)
4(1575 1576 1579 1578)
4(1536 1580 1581 1537)
4(1578 1579 1581 1580)
4(1538 1583 1584 1539)
4(1580 1581 1584 1583)
4(1583 1584 1603 1604)
4(1541 1586 1587 1542)
4(1586 1610 1611 1587)
4(1545 1590 1591 1546)
4(1586 1587 1591 1590)
4(1547 1592 1593 1548)
4(1590 1591 1593 1592)
4(1549 1595 1596 1550)
4(1592 1593 1596 1595)
4(1551 1598 1599 1552)
4(1595 1596 1599 1598)
4(1553 1601 1602 1554)
4(1598 1599 1602 1601)
4(1557 1605 1606 1558)
4(1601 1602 1606 1605)
4(1559 1608 1609 1560)
4(1605 1606 1609 1608)
4(1563 1612 1613 1564)
4(1608 1609 1613 1612)
4(1565 1614 1615 1566)
4(1612 1613 1615 1614)
4(1567 1616 1617 1568)
4(1614 1615 1617 1616)
4(1569 1618 1619 1570)
4(1616 1617 1619 1618)
4(1572 1622 1623 1573)
4(1618 1619 1623 1622)
4(1575 1625 1626 1576)
4(1622 1623 1626 1625)
4(1578 1627 1628 1579)
4(1625 1626 1628 1627)
4(1580 1630 1631 1581)
4(1627 1628 1631 1630)
4(1583 1633 1634 1584)
4(1630 1631 1634 1633)
4(1633 1634 1661 1662)
4(1586 1639 1640 1587)
4(1639 1669 1670 1640)
4(1590 1644 1645 1591)
4(1639 1640 1645 1644)
4(1592 1647 1648 1593)
4(1644 1645 1648 1647)
4(1595 1650 1651 1596)
4(1647 1648 1651 1650)
4(1598 1654 1655 1599)
4(1650 1651 1655 1654)
4(1601 1657 1658 1602)
4(1654 1655 1658 1657)
4(1605 1663 1664 1606)
4(1657 1658 1664 1663)
4(1608 1667 1668 1609)
4(1663 1664 1668 1667)
4(1612 1671 1672 1613)
4(1667 1668 1672 1671)
4(1614 1677 1678 1615)
4(1671 1672 1678 1677)
4(1616 1683 1684 1617)
4(1677 1678 1684 1683)
4(1618 1685 1686 1619)
4(1683 1684 1686 1685)
4(1622 1690 1691 1623)
4(1685 1686 1691 1690)
4(1625 1694 1695 1626)
4(1690 1691 1695 1694)
4(1627 1697 1698 1628)
4(1694 1695 1698 1697)
4(1630 1702 1703 1631)
4(1697 1698 1703 1702)
4(1633 1706 1707 1634)
4(1702 1703 1707 1706)
4(1706 1707 1724 1725)
4(1639 1236 1235 1640)
4(1236 1728 1729 1235)
4(1644 1238 1237 1645)
4(1236 1235 1237 1238)
4(1647 1240 1239 1648)
4(1238 1237 1239 1240)
4(1650 1242 1241 1651)
4(1240 1239 1241 1242)
4(1654 1244 1243 1655)
4(1242 1241 1243 1244)
4(1657 1246 1245 1658)
4(1244 1243 1245 1246)
4(1663 1248 1247 1664)
4(1246 1245 1247 1248)
4(1667 1250 1249 1668)
4(1248 1247 1249 1250)
4(1671 1252 1251 1672)
4(1250 1249 1251 1252)
4(1677 1254 1253 1678)
4(1252 1251 1253 1254)
4(1683 1256 1255 1684)
4(1254 1253 1255 1256)
4(1685 1258 1257 1686)
4(1256 1255 1257 1258)
4(1690 1260 1259 1691)
4(1258 1257 1259 1260)
4(1694 1262 1261 1695)
4(1260 1259 1261 1262)
4(1697 1264 1263 1698)
4(1262 1261 1263 1264)
4(1702 1266 1265 1703)
4(1264 1263 1265 1266)
4(1706 1268 1267 1707)
4(1266 1265 1267 1268)
4(1268 1267 1752 1753)
4(1236 693 690 1235)
4(1238 696 697 1237)
4(1240 702 703 1239)
4(1242 708 709 1241)
4(1244 712 713 1243)
4(1246 714 715 1245)
4(1248 718 719 1247)
4(1250 722 723 1249)
4(1252 728 729 1251)
4(1254 732 733 1253)
4(1256 740 741 1255)
4(1258 746 747 1257)
4(1260 757 758 1259)
4(1262 763 764 1261)
4(1264 767 768 1263)
4(1266 771 772 1265)
4(1268 779 780 1267)
3(991 989 990)
3(1004 1002 1003)
3(1009 1007 1008)
3(1015 1013 1014)
3(1020 1018 1019)
3(1027 1025 1026)
3(1031 1029 1030)
3(1036 1034 1035)
3(1041 1039 1040)
3(1046 1044 1045)
3(1050 1048 1049)
3(1054 1052 1053)
3(1058 1056 1057)
3(1062 1060 1061)
3(1067 1065 1066)
3(1071 1069 1070)
3(1075 1073 1074)
4(607 609 621 620)
4(609 610 622 621)
4(610 611 623 622)
4(611 612 624 623)
4(612 613 625 624)
4(613 614 626 625)
4(614 615 643 626)
4(616 628 629 640)
4(616 617 630 628)
4(617 618 631 630)
4(618 619 632 631)
4(619 620 633 632)
4(620 621 634 633)
4(621 622 635 634)
4(622 623 636 635)
4(623 624 637 636)
4(624 625 638 637)
4(625 626 641 638)
4(626 643 642 641)
4(628 590 627 629)
4(628 630 591 590)
4(630 631 592 591)
4(631 632 593 592)
4(632 633 594 593)
4(633 634 595 594)
4(634 635 596 595)
4(635 636 597 596)
4(636 637 598 597)
4(637 638 599 598)
4(638 641 600 599)
4(641 642 639 600)
4(538 559 567 563)
4(538 563 565 543)
4(543 565 566 547)
4(547 566 568 551)
4(551 568 569 554)
4(554 569 570 556)
4(556 570 571 557)
4(557 571 572 560)
4(538 499 503 559)
4(538 543 506 499)
4(560 572 576 561)
4(543 547 511 506)
4(561 576 577 562)
4(547 551 512 511)
4(562 577 579 564)
4(551 554 516 512)
4(554 556 520 516)
4(564 579 583 574)
4(556 557 522 520)
4(557 560 525 522)
4(560 561 529 525)
4(561 562 531 529)
4(562 564 534 531)
4(564 574 539 534)
4(590 563 567 627)
4(590 591 565 563)
4(591 592 566 565)
4(592 593 568 566)
4(593 594 569 568)
4(594 595 570 569)
4(595 596 571 570)
4(596 597 572 571)
4(597 598 576 572)
4(598 599 577 576)
4(599 600 579 577)
4(600 639 583 579)
4(427 429 425 424)
4(429 431 426 425)
4(431 432 428 426)
4(432 433 430 428)
4(417 575 601 416)
4(417 418 578 575)
4(418 419 580 578)
4(419 420 581 580)
4(420 421 582 581)
4(421 422 584 582)
4(422 423 585 584)
4(423 424 586 585)
4(424 425 587 586)
4(425 426 588 587)
4(426 428 589 588)
4(428 430 606 589)
4(575 602 608 601)
4(575 578 603 602)
4(578 580 604 603)
4(580 581 605 604)
4(581 582 607 605)
4(582 584 609 607)
4(584 585 610 609)
4(585 586 611 610)
4(586 587 612 611)
4(587 588 613 612)
4(588 589 614 613)
4(589 606 615 614)
4(602 616 640 608)
4(602 603 617 616)
4(603 604 618 617)
4(604 605 619 618)
4(605 607 620 619)
4(1294 1296 1321 1320)
4(1296 1298 1322 1321)
4(1298 1300 1323 1322)
4(1300 1302 1324 1323)
4(1302 1304 1325 1324)
4(1304 1311 1337 1325)
4(1305 1326 1343 1316)
4(1305 1306 1329 1326)
4(1306 1307 1332 1329)
4(1307 1308 1334 1332)
4(1308 1309 1336 1334)
4(1309 1310 1339 1336)
4(1310 1313 1340 1339)
4(1313 1314 1345 1340)
4(1314 1317 1346 1345)
4(1317 1318 1348 1346)
4(1318 1319 1350 1348)
4(1319 1320 1353 1350)
4(1320 1321 1356 1353)
4(1321 1322 1357 1356)
4(1322 1323 1361 1357)
4(1323 1324 1367 1361)
4(1324 1325 1370 1367)
4(1325 1337 1399 1370)
4(1326 1352 1363 1343)
4(1326 1329 1359 1352)
4(1329 1332 1365 1359)
4(1332 1334 1369 1365)
4(1334 1336 1373 1369)
4(1336 1339 1376 1373)
4(1339 1340 1379 1376)
4(1340 1345 1382 1379)
4(1345 1346 1384 1382)
4(1346 1348 1388 1384)
4(1348 1350 1390 1388)
4(1350 1353 1394 1390)
4(1353 1356 1398 1394)
4(1356 1357 1403 1398)
4(1357 1361 1408 1403)
4(1361 1367 1414 1408)
4(1367 1370 1420 1414)
4(1370 1399 1430 1420)
4(1352 1396 1441 1363)
4(1352 1359 1406 1396)
4(1359 1365 1410 1406)
4(1365 1369 1416 1410)
4(1369 1373 1422 1416)
4(1373 1376 1425 1422)
4(1376 1379 1429 1425)
4(1379 1382 1434 1429)
4(1382 1384 1437 1434)
4(1384 1388 1443 1437)
4(1388 1390 1445 1443)
4(1390 1394 1450 1445)
4(1394 1398 1452 1450)
4(1398 1403 1456 1452)
4(1403 1408 1461 1456)
4(1408 1414 1463 1461)
4(1414 1420 1469 1463)
4(1420 1430 1499 1469)
4(1396 1475 1507 1441)
4(1396 1406 1482 1475)
4(1406 1410 1484 1482)
4(1410 1416 1489 1484)
4(1416 1422 1493 1489)
4(1422 1425 1498 1493)
4(1425 1429 1502 1498)
4(1429 1434 1505 1502)
4(1434 1437 1509 1505)
4(1437 1443 1512 1509)
4(1443 1445 1516 1512)
4(1445 1450 1521 1516)
4(1450 1452 1525 1521)
4(1452 1456 1530 1525)
4(1456 1461 1534 1530)
4(1461 1463 1537 1534)
4(1463 1469 1539 1537)
4(1469 1499 1555 1539)
4(1475 1542 1562 1507)
4(1475 1482 1546 1542)
4(1482 1484 1548 1546)
4(1484 1489 1550 1548)
4(1489 1493 1552 1550)
4(1493 1498 1554 1552)
4(1498 1502 1558 1554)
4(1502 1505 1560 1558)
4(1505 1509 1564 1560)
4(1509 1512 1566 1564)
4(1512 1516 1568 1566)
4(1516 1521 1570 1568)
4(1521 1525 1573 1570)
4(1525 1530 1576 1573)
4(1530 1534 1579 1576)
4(1534 1537 1581 1579)
4(1537 1539 1584 1581)
4(1539 1555 1603 1584)
4(1542 1587 1611 1562)
4(1542 1546 1591 1587)
4(1546 1548 1593 1591)
4(1548 1550 1596 1593)
4(1550 1552 1599 1596)
4(1552 1554 1602 1599)
4(1554 1558 1606 1602)
4(1558 1560 1609 1606)
4(1560 1564 1613 1609)
4(1564 1566 1615 1613)
4(1566 1568 1617 1615)
4(1568 1570 1619 1617)
4(1570 1573 1623 1619)
4(1573 1576 1626 1623)
4(1576 1579 1628 1626)
4(1579 1581 1631 1628)
4(1581 1584 1634 1631)
4(1584 1603 1661 1634)
4(1587 1640 1670 1611)
4(1587 1591 1645 1640)
4(1591 1593 1648 1645)
4(1593 1596 1651 1648)
4(1596 1599 1655 1651)
4(1599 1602 1658 1655)
4(1602 1606 1664 1658)
4(1606 1609 1668 1664)
4(1609 1613 1672 1668)
4(1613 1615 1678 1672)
4(1615 1617 1684 1678)
4(1617 1619 1686 1684)
4(1619 1623 1691 1686)
4(1623 1626 1695 1691)
4(1626 1628 1698 1695)
4(1628 1631 1703 1698)
4(1631 1634 1707 1703)
4(1634 1661 1724 1707)
4(1640 1235 1729 1670)
4(1640 1645 1237 1235)
4(1645 1648 1239 1237)
4(1648 1651 1241 1239)
4(1651 1655 1243 1241)
4(1655 1658 1245 1243)
4(1658 1664 1247 1245)
4(1664 1668 1249 1247)
4(1668 1672 1251 1249)
4(1672 1678 1253 1251)
4(1678 1684 1255 1253)
4(1684 1686 1257 1255)
4(1686 1691 1259 1257)
4(1691 1695 1261 1259)
4(1695 1698 1263 1261)
4(1698 1703 1265 1263)
4(1703 1707 1267 1265)
4(1707 1724 1752 1267)
4(710 727 691 690)
4(710 690 697 716)
4(716 697 703 720)
4(720 703 709 724)
4(724 709 713 730)
4(730 713 715 734)
4(734 715 719 742)
4(742 719 723 750)
4(750 723 729 759)
4(759 729 733 765)
4(765 733 741 769)
4(769 741 747 773)
4(710 798 841 727)
4(710 716 802 798)
4(773 747 758 783)
4(716 720 806 802)
4(783 758 764 789)
4(720 724 810 806)
4(724 730 815 810)
4(789 764 768 793)
4(730 734 821 815)
4(793 768 772 799)
4(734 742 825 821)
4(742 750 831 825)
4(799 772 780 803)
4(750 759 838 831)
4(803 780 788 828)
4(759 765 843 838)
4(765 769 846 843)
4(769 773 849 846)
4(773 783 852 849)
4(783 789 857 852)
4(789 793 859 857)
4(793 799 861 859)
4(799 803 863 861)
4(803 828 877 863)
4(798 865 884 841)
4(798 802 868 865)
4(802 806 870 868)
4(806 810 872 870)
4(810 815 874 872)
4(815 821 876 874)
4(821 825 880 876)
4(825 831 882 880)
4(831 838 886 882)
4(838 843 888 886)
4(843 846 890 888)
4(846 849 892 890)
4(849 852 894 892)
4(852 857 896 894)
4(857 859 898 896)
4(859 861 900 898)
4(861 863 902 900)
4(863 877 905 902)
4(865 904 947 884)
4(865 868 908 904)
4(868 870 910 908)
4(870 872 912 910)
4(872 874 914 912)
4(874 876 916 914)
4(876 880 920 916)
4(880 882 923 920)
4(882 886 925 923)
4(886 888 928 925)
4(888 890 930 928)
4(890 892 937 930)
4(892 894 941 937)
4(894 896 945 941)
4(896 898 950 945)
4(898 900 954 950)
4(900 902 959 954)
4(902 905 1011 959)
4(904 934 933 947)
4(904 908 938 934)
4(908 910 942 938)
4(910 912 948 942)
4(912 914 951 948)
4(914 916 955 951)
4(916 920 960 955)
4(920 923 963 960)
4(923 925 965 963)
4(925 928 969 965)
4(928 930 973 969)
4(930 937 975 973)
4(937 941 980 975)
4(941 945 983 980)
4(945 950 986 983)
4(950 954 992 986)
4(954 959 995 992)
4(959 1011 999 995)
4(934 1621 1620 933)
4(934 938 1624 1621)
4(938 942 1629 1624)
4(942 948 1635 1629)
4(948 951 1638 1635)
4(951 955 1642 1638)
4(955 960 1649 1642)
4(960 963 1653 1649)
4(963 965 1659 1653)
4(965 969 1666 1659)
4(969 973 1675 1666)
4(973 975 1682 1675)
4(975 980 1689 1682)
4(980 983 1696 1689)
4(983 986 1701 1696)
4(986 992 1708 1701)
4(992 995 1711 1708)
4(995 999 1714 1711)
4(1621 1632 1643 1620)
4(1621 1624 1641 1632)
4(1624 1629 1646 1641)
4(1629 1635 1652 1646)
4(1635 1638 1656 1652)
4(1638 1642 1665 1656)
4(1642 1649 1673 1665)
4(1649 1653 1679 1673)
4(1653 1659 1687 1679)
4(1659 1666 1692 1687)
4(1666 1675 1699 1692)
4(1675 1682 1704 1699)
4(1682 1689 1709 1704)
4(1689 1696 1712 1709)
4(1696 1701 1715 1712)
4(1701 1708 1717 1715)
4(1708 1711 1719 1717)
4(1711 1714 1731 1719)
4(1632 1660 1676 1643)
4(1632 1641 1674 1660)
4(1641 1646 1680 1674)
4(1646 1652 1688 1680)
4(1652 1656 1693 1688)
4(1656 1665 1700 1693)
4(1665 1673 1705 1700)
4(1673 1679 1710 1705)
4(1679 1687 1713 1710)
4(1687 1692 1716 1713)
4(1692 1699 1718 1716)
4(1699 1704 1720 1718)
4(1704 1709 1726 1720)
4(1709 1712 1730 1726)
4(1712 1715 1733 1730)
4(1715 1717 1735 1733)
4(1717 1719 1738 1735)
4(1719 1731 1741 1738)
4(1660 1721 1746 1676)
4(1660 1674 1727 1721)
4(1674 1680 1732 1727)
4(1680 1688 1734 1732)
4(1688 1693 1736 1734)
4(1693 1700 1737 1736)
4(1700 1705 1739 1737)
4(1705 1710 1740 1739)
4(1710 1713 1742 1740)
4(1713 1716 1743 1742)
4(1716 1718 1747 1743)
4(1718 1720 1748 1747)
4(1720 1726 1749 1748)
4(1726 1730 1750 1749)
4(1730 1733 1751 1750)
4(1733 1735 1754 1751)
4(1735 1738 1755 1754)
4(1738 1741 1758 1755)
4(1740 1742 1760 1759)
4(1742 1743 1761 1760)
4(1743 1747 1762 1761)
4(1747 1748 1763 1762)
4(1748 1749 1764 1763)
4(1749 1750 1765 1764)
4(1750 1751 1766 1765)
4(1751 1754 1767 1766)
4(1754 1755 1768 1767)
4(1755 1758 1769 1768)
4(1235 690 691 1729)
4(1235 1237 697 690)
4(1237 1239 703 697)
4(1239 1241 709 703)
4(1241 1243 713 709)
4(1243 1245 715 713)
4(1245 1247 719 715)
4(1247 1249 723 719)
4(1249 1251 729 723)
4(1251 1253 733 729)
4(1253 1255 741 733)
4(1255 1257 747 741)
4(1257 1259 758 747)
4(1259 1261 764 758)
4(1261 1263 768 764)
4(1263 1265 772 768)
4(1265 1267 780 772)
4(1267 1752 788 780)
4(1270 1305 1316 1286)
4(1270 1272 1306 1305)
4(1272 1274 1307 1306)
4(1274 1276 1308 1307)
4(1276 1278 1309 1308)
4(1278 1280 1310 1309)
4(1280 1282 1313 1310)
4(1282 1284 1314 1313)
4(1284 1288 1317 1314)
4(1288 1290 1318 1317)
4(1290 1292 1319 1318)
4(1292 1294 1320 1319)
4(249 248 250 251)
4(260 261 248 249)
4(376 573 31 108)
4(300 317 134 121)
4(317 322 147 134)
4(322 339 160 147)
4(339 352 173 160)
4(352 365 186 173)
4(365 374 199 186)
4(374 376 108 199)
4(249 251 402 401)
4(415 322 317 300)
4(260 249 430 433)
4(465 339 322 415)
4(401 402 471 472)
4(251 250 77 64)
4(250 248 90 77)
4(465 485 352 339)
4(248 261 95 90)
4(498 365 352 485)
4(552 374 365 498)
4(472 471 555 553)
4(465 415 539 574)
4(552 573 376 374)
4(465 574 583 485)
4(553 555 573 552)
4(249 401 606 430)
4(402 251 64 51)
4(498 485 583 639)
4(401 472 615 606)
4(472 553 643 615)
4(471 402 51 38)
4(552 498 639 642)
4(553 552 642 643)
4(555 471 38 32)
4(555 32 31 573)
4(1756 657 661 1812)
4(1812 661 665 1813)
4(1813 665 669 1814)
4(1814 669 673 1815)
4(1756 1812 1807 1744)
4(1812 1813 1808 1807)
4(1815 673 1817 1816)
4(1813 1814 1809 1808)
4(1814 1815 1810 1809)
4(1815 1816 1811 1810)
4(1744 1807 1802 1722)
4(1807 1808 1803 1802)
4(1808 1809 1804 1803)
4(1809 1810 1805 1804)
4(1810 1811 1806 1805)
4(1722 1802 1797 1681)
4(1802 1803 1798 1797)
4(1803 1804 1799 1798)
4(1804 1805 1800 1799)
4(1805 1806 1801 1800)
4(1681 1797 1792 1636)
4(1797 1798 1793 1792)
4(1798 1799 1794 1793)
4(1799 1800 1795 1794)
4(1800 1801 1796 1795)
4(658 662 661 657)
4(662 666 665 661)
4(666 670 669 665)
4(670 674 673 669)
4(674 678 1817 673)
4(853 1518 1479 811)
4(1518 1522 1485 1479)
4(1522 1527 1490 1485)
4(1527 1531 1495 1490)
4(1531 1543 1513 1495)
4(811 1479 1458 752)
4(1479 1485 1465 1458)
4(1485 1490 1470 1465)
4(1490 1495 1473 1470)
4(1495 1513 1478 1473)
4(752 1458 817 816)
4(1458 1465 822 817)
4(1465 1470 826 822)
4(1470 1473 832 826)
4(1473 1478 835 832)
4(816 817 839 834)
4(817 822 844 839)
4(822 826 847 844)
4(826 832 850 847)
4(832 835 866 850)
4(834 839 781 775)
4(839 844 785 781)
4(844 847 791 785)
4(847 850 795 791)
4(850 866 807 795)
4(775 781 744 736)
4(781 785 748 744)
4(785 791 755 748)
4(791 795 761 755)
4(795 807 777 761)
4(736 744 698 694)
4(744 748 700 698)
4(748 755 704 700)
4(755 761 706 704)
4(761 777 738 706)
4(694 698 680 676)
4(698 700 682 680)
4(700 704 684 682)
4(704 706 686 684)
4(706 738 688 686)
4(676 680 662 658)
4(680 682 666 662)
4(682 684 670 666)
4(684 686 674 670)
4(686 688 678 674)
4(38 775 736 32)
4(32 736 694 31)
4(51 834 775 38)
4(64 816 834 51)
4(77 752 816 64)
4(90 811 752 77)
4(95 853 811 90)
4(134 1681 1636 121)
4(147 1722 1681 134)
4(160 1744 1722 147)
4(173 1756 1744 160)
4(173 186 657 1756)
4(31 694 676 108)
4(199 658 657 186)
4(108 676 658 199)
4(205 204 206 207)
4(375 96 1 558)
4(278 110 123 302)
4(302 123 136 311)
4(311 136 149 334)
4(334 149 162 341)
4(341 162 175 355)
4(355 175 188 368)
4(368 188 96 375)
4(205 379 380 204)
4(404 278 302 311)
4(379 440 442 380)
4(434 404 311 334)
4(204 53 66 206)
4(206 66 79 207)
4(434 334 341 474)
4(487 474 341 355)
4(504 487 355 368)
4(440 505 507 442)
4(434 559 503 404)
4(504 368 375 558)
4(434 474 567 559)
4(505 504 558 507)
4(205 416 601 379)
4(380 40 53 204)
4(487 627 567 474)
4(379 601 608 440)
4(440 608 640 505)
4(442 19 40 380)
4(504 629 627 487)
4(505 640 629 504)
4(507 0 19 442)
4(507 558 1 0)
4(726 692 691 727)
4(726 727 841 840)
4(840 841 884 883)
4(883 884 947 946)
4(946 947 933 932)
4(979 0 1 917)
3(1078 1315 1342)
4(1063 19 0 979)
4(1078 123 110 1021)
4(1091 136 123 1078)
4(1114 40 19 1063)
4(1083 53 40 1114)
4(1128 149 136 1091)
4(917 1 96 1182)
4(1149 162 149 1128)
4(1149 1163 175 162)
4(1175 188 175 1163)
4(1182 96 188 1175)
4(1204 79 66 1183)
4(1183 1083 932 1212)
4(1728 1729 691 692)
4(1285 1286 1316 1315)
4(1315 1316 1343 1342)
4(1183 1212 1330 1331)
4(1342 1343 1363 1362)
4(1362 1363 1441 1440)
4(1204 1183 1331 1418)
4(1440 1441 1507 1506)
4(1506 1507 1562 1561)
4(1561 1562 1611 1610)
4(1212 1620 1643 1330)
4(1610 1611 1670 1669)
4(1330 1643 1676 1331)
4(1669 1670 1729 1728)
4(1331 1676 1746 1418)
4(1078 1021 1285 1315)
4(1091 1078 1342 1362)
4(1128 1091 1362 1440)
4(1149 1128 1440 1506)
4(1149 1506 1561 1163)
4(1175 1163 1561 1610)
4(1182 1175 1610 1669)
4(932 933 1620 1212)
4(1182 1669 1728 692)
4(917 1182 692 726)
4(1183 66 53 1083)
4(979 917 726 840)
4(1063 979 840 883)
4(1114 1063 883 946)
4(1083 1114 946 932)
4(679 1791 1817 678)
4(689 679 678 688)
4(739 689 688 738)
4(778 739 738 777)
4(808 778 777 807)
4(829 828 788 787)
4(654 808 807 866)
4(836 654 866 835)
4(829 878 877 828)
4(878 906 905 877)
4(906 655 1011 905)
4(655 1000 999 1011)
3(1775 1400 1338)
4(1233 1234 1000 836)
4(1753 787 788 1752)
4(1312 1338 1337 1311)
4(1338 1400 1399 1337)
4(1400 1431 1430 1399)
4(1431 1500 1499 1430)
4(1233 1472 1476 1234)
4(1514 1233 1478 1513)
4(1544 1514 1513 1543)
4(1514 1540 1472 1233)
4(1500 1556 1555 1499)
4(1556 1604 1603 1555)
4(1544 1607 1540 1514)
4(1604 1662 1661 1603)
4(1662 1725 1724 1661)
4(1234 1476 1731 1714)
4(1476 1472 1741 1731)
4(1725 1753 1752 1724)
4(1472 1540 1758 1741)
4(1540 1607 1769 1758)
4(1775 1338 1312 1774)
4(1780 1431 1400 1775)
4(1785 1500 1431 1780)
4(1790 1556 1500 1785)
4(1790 1791 1604 1556)
4(1233 836 835 1478)
4(679 1662 1604 1791)
4(689 1725 1662 679)
4(1000 1234 1714 999)
4(689 787 1753 1725)
4(1775 1774 1796 1801)
4(739 829 787 689)
4(1780 1775 1801 1806)
4(1785 1780 1806 1811)
4(1790 1785 1811 1816)
4(778 878 829 739)
4(1790 1816 1817 1791)
4(808 906 878 778)
4(654 655 906 808)
4(836 1000 655 654)
4(203 205 207 200)
4(203 200 208 209)
4(209 208 212 213)
4(213 212 216 217)
4(217 216 220 221)
4(221 220 224 225)
4(225 224 228 229)
4(229 228 232 233)
4(252 233 232 253)
4(252 253 255 254)
4(254 255 257 256)
4(256 257 259 258)
4(258 259 261 260)
4(252 254 429 427)
4(254 256 431 429)
4(256 258 432 431)
4(258 260 433 432)
4(203 417 416 205)
4(203 209 418 417)
4(209 213 419 418)
4(213 217 420 419)
4(217 221 421 420)
4(221 225 422 421)
4(225 229 423 422)
4(252 427 424 233)
4(229 233 424 423)
4(200 207 79 78)
4(200 78 80 208)
4(208 80 81 212)
4(212 81 82 216)
4(216 82 83 220)
4(220 83 84 224)
4(224 84 85 228)
4(228 85 86 232)
4(232 86 91 253)
4(253 91 92 255)
4(255 92 93 257)
4(257 93 94 259)
4(259 94 95 261)
4(1195 1204 1418 1411)
4(1195 1411 1423 1196)
4(1196 1423 1432 1197)
4(1197 1432 1439 1198)
4(1198 1439 1447 1199)
4(1199 1447 1453 1200)
4(1200 1453 1459 1201)
4(1201 1459 1466 1202)
4(1207 1202 1466 1571)
4(1207 1571 1574 1208)
4(1208 1574 1577 1209)
4(1209 1577 1582 1210)
4(1210 1582 1585 855)
4(855 1585 1588 854)
4(854 1588 1589 1519)
4(1519 1589 1594 1523)
4(1523 1594 1597 1528)
4(1528 1597 1600 1532)
4(1532 1600 1607 1544)
4(1207 1208 92 91)
4(1208 1209 93 92)
4(1209 1210 94 93)
4(1210 855 95 94)
4(855 854 853 95)
4(854 1519 1518 853)
4(1519 1523 1522 1518)
4(1523 1528 1527 1522)
4(1528 1532 1531 1527)
4(1532 1544 1543 1531)
4(1195 78 79 1204)
4(1195 1196 80 78)
4(1196 1197 81 80)
4(1197 1198 82 81)
4(1198 1199 83 82)
4(1199 1200 84 83)
4(1200 1201 85 84)
4(1207 91 86 1202)
4(1201 1202 86 85)
4(1411 1418 1746 1721)
4(1411 1721 1727 1423)
4(1423 1727 1732 1432)
4(1432 1732 1734 1439)
4(1439 1734 1736 1447)
4(1447 1736 1737 1453)
4(1453 1737 1739 1459)
4(1459 1739 1740 1466)
4(1466 1740 1759 1571)
4(1571 1759 1760 1574)
4(1574 1760 1761 1577)
4(1577 1761 1762 1582)
4(1582 1762 1763 1585)
4(1585 1763 1764 1588)
4(1588 1764 1765 1589)
4(1589 1765 1766 1594)
4(1594 1766 1767 1597)
4(1597 1767 1768 1600)
4(1600 1768 1769 1607)
4(403 264 278 404)
4(403 405 265 264)
4(405 406 268 265)
4(406 407 271 268)
4(407 408 274 271)
4(408 409 277 274)
4(409 410 281 277)
4(410 411 282 281)
4(411 412 285 282)
4(412 413 288 285)
4(413 414 291 288)
4(414 415 300 291)
4(403 404 503 499)
4(403 499 506 405)
4(405 506 511 406)
4(406 511 512 407)
4(407 512 516 408)
4(408 516 520 409)
4(409 520 522 410)
4(410 522 525 411)
4(411 525 529 412)
4(412 529 531 413)
4(413 531 534 414)
4(414 534 539 415)
4(264 109 110 278)
4(264 265 111 109)
4(265 268 112 111)
4(268 271 113 112)
4(271 274 114 113)
4(274 277 115 114)
4(277 281 116 115)
4(281 282 117 116)
4(282 285 118 117)
4(285 288 119 118)
4(288 291 120 119)
4(291 300 121 120)
4(988 1269 1285 1021)
4(988 997 1271 1269)
4(997 1001 1273 1271)
4(1001 1006 1275 1273)
4(1006 1012 1277 1275)
4(1012 1017 1279 1277)
4(1017 1022 1281 1279)
4(1022 1024 1283 1281)
4(1024 1028 1287 1283)
4(1028 1033 1289 1287)
4(1033 1037 1291 1289)
4(1037 1042 1293 1291)
4(1042 1637 1295 1293)
4(1637 1770 1297 1295)
4(1770 1771 1299 1297)
4(1771 1772 1301 1299)
4(1772 1773 1303 1301)
4(1773 1774 1312 1303)
4(988 1021 110 109)
4(988 109 111 997)
4(997 111 112 1001)
4(1001 112 113 1006)
4(1006 113 114 1012)
4(1012 114 115 1017)
4(1017 115 116 1022)
4(1022 116 117 1024)
4(1024 117 118 1028)
4(1028 118 119 1033)
4(1033 119 120 1037)
4(1037 120 121 1042)
4(1042 121 1636 1637)
4(1637 1636 1792 1770)
4(1770 1792 1793 1771)
4(1771 1793 1794 1772)
4(1772 1794 1795 1773)
4(1773 1795 1796 1774)
4(1269 1270 1286 1285)
4(1269 1271 1272 1270)
4(1271 1273 1274 1272)
4(1273 1275 1276 1274)
4(1275 1277 1278 1276)
4(1277 1279 1280 1278)
4(1279 1281 1282 1280)
4(1281 1283 1284 1282)
4(1283 1287 1288 1284)
4(1287 1289 1290 1288)
4(1289 1291 1292 1290)
4(1291 1293 1294 1292)
4(1293 1295 1296 1294)
4(1295 1297 1298 1296)
4(1297 1299 1300 1298)
4(1299 1301 1302 1300)
4(1301 1303 1304 1302)
4(1303 1312 1311 1304)
)


// ************************************************************************* //
