/*--------------------------------*- C++ -*----------------------------------*\
| =========                 |                                                 |
| \\      /  F ield         | OpenFOAM: The Open Source CFD Toolbox           |
|  \\    /   O peration     | Version:  2.4.0                                 |
|   \\  /    A nd           | Web:      www.OpenFOAM.org                      |
|    \\/     M anipulation  |                                                 |
\*---------------------------------------------------------------------------*/
FoamFile
{
    version     2.0;
    format      ascii;
    class       labelList;
    note        "nPoints: 1818 nCells: 1338 nFaces: 4455 nInternalFaces: 3555";
    location    "constant/polyMesh";
    object      neighbour;
}
// * * * * * * * * * * * * * * * * * * * * * * * * * * * * * * * * * * * * * //


3555
(
1
28
284
296
2
29
285
297
3
30
286
298
4
31
287
299
5
32
288
300
6
33
289
301
7
34
290
302
8
35
291
303
9
12
36
292
304
10
13
37
293
305
11
14
38
294
306
15
39
295
307
13
160
308
14
161
309
15
162
310
163
311
17
52
312
324
18
53
313
325
19
54
314
326
20
55
315
327
21
56
316
328
22
57
317
329
23
58
318
330
24
59
319
331
25
60
320
332
26
61
321
333
27
62
322
334
63
323
335
29
40
164
272
30
41
165
273
31
42
166
274
32
43
167
275
33
44
168
276
34
45
169
277
35
46
170
278
36
47
171
279
37
48
172
280
38
49
173
281
39
50
174
282
51
175
283
41
124
176
260
42
125
177
261
43
126
178
262
44
127
179
263
45
128
180
264
46
129
181
265
47
130
182
266
48
131
183
267
49
132
184
268
50
133
185
269
51
134
186
270
135
187
271
53
64
148
336
54
65
149
337
55
66
150
338
56
67
151
339
57
68
152
340
58
69
153
341
59
70
154
342
60
71
155
343
61
72
156
344
62
73
157
345
63
74
158
346
75
159
347
65
76
136
348
66
77
137
349
67
78
138
350
68
79
139
351
69
80
140
352
70
81
141
353
71
82
142
354
72
83
143
355
73
84
144
356
74
85
145
357
75
86
146
358
87
147
359
77
88
224
360
78
89
225
361
79
90
226
362
80
91
227
363
81
92
228
364
82
93
229
365
83
94
230
366
84
95
231
367
85
96
232
368
86
97
233
369
87
98
234
370
99
235
371
89
100
212
372
90
101
213
373
91
102
214
374
92
103
215
375
93
104
216
376
94
105
217
377
95
106
218
378
96
107
219
379
97
108
220
380
98
109
221
381
99
110
222
382
111
223
383
101
112
384
396
102
113
385
397
103
114
386
398
104
115
387
399
105
116
388
400
106
117
389
401
107
118
390
402
108
119
391
403
109
120
392
404
110
121
393
405
111
122
394
406
123
395
407
113
124
200
236
114
125
201
237
115
126
202
238
116
127
203
239
117
128
204
240
118
129
205
241
119
130
206
242
120
131
207
243
121
132
208
244
122
133
209
245
123
134
210
246
135
211
247
125
188
248
126
189
249
127
190
250
128
191
251
129
192
252
130
193
253
131
194
254
132
195
255
133
196
256
134
197
257
135
198
258
199
259
137
148
224
138
149
225
139
150
226
140
151
227
141
152
228
142
153
229
143
154
230
144
155
231
145
156
232
146
157
233
147
158
234
159
235
149
150
151
152
153
154
155
156
157
158
159
161
172
162
173
163
174
175
165
176
166
177
167
178
168
179
169
180
170
181
171
182
172
183
173
184
174
185
175
186
187
177
188
178
189
179
190
180
191
181
192
182
193
183
194
184
195
185
196
186
197
187
198
199
189
200
190
201
191
202
192
203
193
204
194
205
195
206
196
207
197
208
198
209
199
210
211
201
212
202
213
203
214
204
215
205
216
206
217
207
218
208
219
209
220
210
221
211
222
223
213
224
214
225
215
226
216
227
217
228
218
229
219
230
220
231
221
232
222
233
223
234
235
225
226
227
228
229
230
231
232
233
234
235
237
248
396
896
238
249
397
897
239
250
398
898
240
251
399
899
241
252
400
900
242
253
401
901
243
254
402
902
244
255
403
903
245
256
404
904
246
257
405
905
247
258
406
906
259
407
907
249
260
878
250
261
879
251
262
880
252
263
881
253
264
882
254
265
883
255
266
884
256
267
885
257
268
886
258
269
887
259
270
888
271
889
261
272
860
262
273
861
263
274
862
264
275
863
265
276
864
266
277
865
267
278
866
268
279
867
269
280
868
270
281
869
271
282
870
283
871
273
284
842
274
285
843
275
286
844
276
287
845
277
288
846
278
289
847
279
290
848
280
291
849
281
292
850
282
293
851
283
294
852
295
853
285
296
824
286
297
825
287
298
826
288
299
827
289
300
828
290
301
829
291
302
830
292
303
831
293
304
832
294
305
833
295
306
834
307
835
297
806
298
807
299
808
300
809
301
810
302
811
303
812
304
813
305
308
814
306
309
815
307
310
816
311
817
309
796
310
797
311
798
799
313
324
778
314
325
779
315
326
780
316
327
781
317
328
782
318
329
783
319
330
784
320
331
785
321
332
786
322
333
787
323
334
788
335
789
325
336
760
326
337
761
327
338
762
328
339
763
329
340
764
330
341
765
331
342
766
332
343
767
333
344
768
334
345
769
335
346
770
347
771
337
348
742
338
349
743
339
350
744
340
351
745
341
352
746
342
353
747
343
354
748
344
355
749
345
356
750
346
357
751
347
358
752
359
753
349
360
724
350
361
725
351
362
726
352
363
727
353
364
728
354
365
729
355
366
730
356
367
731
357
368
732
358
369
733
359
370
734
371
735
361
372
706
362
373
707
363
374
708
364
375
709
365
376
710
366
377
711
367
378
712
368
379
713
369
380
714
370
381
715
371
382
716
383
717
373
384
950
374
385
951
375
386
952
376
387
953
377
388
954
378
389
955
379
390
956
380
391
957
381
392
958
382
393
959
383
394
960
395
961
385
396
932
386
397
933
387
398
934
388
399
935
389
400
936
390
401
937
391
402
938
392
403
939
393
404
940
394
405
941
395
406
942
407
943
397
914
398
915
399
916
400
917
401
918
402
919
403
920
404
921
405
922
406
923
407
924
925
409
426
652
1076
1094
410
427
653
1077
1095
411
428
654
1078
1096
412
429
655
1079
1097
413
430
656
1080
1098
414
431
657
1081
1099
415
432
658
1082
1100
416
433
659
1083
1101
417
434
660
1084
1102
418
435
661
1085
1103
419
436
662
1086
1104
420
437
663
1087
1105
421
438
664
1088
1106
422
439
665
1089
1107
423
440
666
1090
1108
424
441
667
1091
1109
425
442
668
1092
1110
443
669
1093
1111
427
806
1112
428
807
1113
429
808
1114
430
809
1115
431
810
1116
432
811
1117
433
812
1118
434
813
1119
435
444
814
1120
436
445
815
1121
437
446
816
1122
438
447
817
1123
439
448
818
1124
440
449
819
1125
441
450
820
1126
442
451
821
1127
443
452
822
1128
453
823
1129
445
796
1130
446
797
1131
447
798
1132
448
799
1133
449
800
1134
450
801
1135
451
802
1136
452
803
1137
453
804
1138
805
1139
455
778
1140
1320
456
779
1141
1321
457
780
1142
1322
458
781
1143
1323
459
782
1144
1324
460
783
1145
1325
461
784
1146
1326
462
785
1147
1327
463
786
1148
1328
464
787
1149
1329
465
788
1150
1330
466
789
1151
1331
467
790
1152
1332
468
791
1153
1333
469
792
1154
1334
470
793
1155
1335
471
794
1156
1336
795
1157
1337
473
490
760
1176
1320
474
491
761
1177
1321
475
492
762
1178
1322
476
493
763
1179
1323
477
494
764
1180
1324
478
495
765
1181
1325
479
496
766
1182
1326
480
497
767
1183
1327
481
498
768
1184
1328
482
499
769
1185
1329
483
500
770
1186
1330
484
501
771
1187
1331
485
502
772
1188
1332
486
503
773
1189
1333
487
504
774
1190
1334
488
505
775
1191
1335
489
506
776
1192
1336
507
777
1193
1337
491
508
742
1194
492
509
743
1195
493
510
744
1196
494
511
745
1197
495
512
746
1198
496
513
747
1199
497
514
748
1200
498
515
749
1201
499
516
750
1202
500
517
751
1203
501
518
752
1204
502
519
753
1205
503
520
754
1206
504
521
755
1207
505
522
756
1208
506
523
757
1209
507
524
758
1210
525
759
1211
509
526
724
1212
510
527
725
1213
511
528
726
1214
512
529
727
1215
513
530
728
1216
514
531
729
1217
515
532
730
1218
516
533
731
1219
517
534
732
1220
518
535
733
1221
519
536
734
1222
520
537
735
1223
521
538
736
1224
522
539
737
1225
523
540
738
1226
524
541
739
1227
525
542
740
1228
543
741
1229
527
544
706
1230
528
545
707
1231
529
546
708
1232
530
547
709
1233
531
548
710
1234
532
549
711
1235
533
550
712
1236
534
551
713
1237
535
552
714
1238
536
553
715
1239
537
554
716
1240
538
555
717
1241
539
556
718
1242
540
557
719
1243
541
558
720
1244
542
559
721
1245
543
560
722
1246
561
723
1247
545
562
950
1248
546
563
951
1249
547
564
952
1250
548
565
953
1251
549
566
954
1252
550
567
955
1253
551
568
956
1254
552
569
957
1255
553
570
958
1256
554
571
959
1257
555
572
960
1258
556
573
961
1259
557
574
962
1260
558
575
963
1261
559
576
964
1262
560
577
965
1263
561
578
966
1264
579
967
1265
563
580
932
1266
564
581
933
1267
565
582
934
1268
566
583
935
1269
567
584
936
1270
568
585
937
1271
569
586
938
1272
570
587
939
1273
571
588
940
1274
572
589
941
1275
573
590
942
1276
574
591
943
1277
575
592
944
1278
576
593
945
1279
577
594
946
1280
578
595
947
1281
579
596
948
1282
597
949
1283
581
598
1284
1302
582
599
1285
1303
583
600
1286
1304
584
601
1287
1305
585
602
1288
1306
586
603
1289
1307
587
604
1290
1308
588
605
1291
1309
589
606
1292
1310
590
607
1293
1311
591
608
1294
1312
592
609
1295
1313
593
610
1296
1314
594
611
1297
1315
595
612
1298
1316
596
613
1299
1317
597
614
1300
1318
615
1301
1319
599
616
914
968
600
617
915
969
601
618
916
970
602
619
917
971
603
620
918
972
604
621
919
973
605
622
920
974
606
623
921
975
607
624
922
976
608
625
923
977
609
626
924
978
610
627
925
979
611
628
926
980
612
629
927
981
613
630
928
982
614
631
929
983
615
632
930
984
633
931
985
617
634
896
986
618
635
897
987
619
636
898
988
620
637
899
989
621
638
900
990
622
639
901
991
623
640
902
992
624
641
903
993
625
642
904
994
626
643
905
995
627
644
906
996
628
645
907
997
629
646
908
998
630
647
909
999
631
648
910
1000
632
649
911
1001
633
650
912
1002
651
913
1003
635
688
878
1004
636
689
879
1005
637
690
880
1006
638
691
881
1007
639
692
882
1008
640
693
883
1009
641
694
884
1010
642
695
885
1011
643
696
886
1012
644
697
887
1013
645
698
888
1014
646
699
889
1015
647
700
890
1016
648
701
891
1017
649
702
892
1018
650
703
893
1019
651
704
894
1020
705
895
1021
653
670
824
1058
654
671
825
1059
655
672
826
1060
656
673
827
1061
657
674
828
1062
658
675
829
1063
659
676
830
1064
660
677
831
1065
661
678
832
1066
662
679
833
1067
663
680
834
1068
664
681
835
1069
665
682
836
1070
666
683
837
1071
667
684
838
1072
668
685
839
1073
669
686
840
1074
687
841
1075
671
688
842
1040
672
689
843
1041
673
690
844
1042
674
691
845
1043
675
692
846
1044
676
693
847
1045
677
694
848
1046
678
695
849
1047
679
696
850
1048
680
697
851
1049
681
698
852
1050
682
699
853
1051
683
700
854
1052
684
701
855
1053
685
702
856
1054
686
703
857
1055
687
704
858
1056
705
859
1057
689
860
1022
690
861
1023
691
862
1024
692
863
1025
693
864
1026
694
865
1027
695
866
1028
696
867
1029
697
868
1030
698
869
1031
699
870
1032
700
871
1033
701
872
1034
702
873
1035
703
874
1036
704
875
1037
705
876
1038
877
1039
707
724
950
708
725
951
709
726
952
710
727
953
711
728
954
712
729
955
713
730
956
714
731
957
715
732
958
716
733
959
717
734
960
718
735
961
719
736
962
720
737
963
721
738
964
722
739
965
723
740
966
741
967
725
742
726
743
727
744
728
745
729
746
730
747
731
748
732
749
733
750
734
751
735
752
736
753
737
754
738
755
739
756
740
757
741
758
759
743
760
744
761
745
762
746
763
747
764
748
765
749
766
750
767
751
768
752
769
753
770
754
771
755
772
756
773
757
774
758
775
759
776
777
761
778
762
779
763
780
764
781
765
782
766
783
767
784
768
785
769
786
770
787
771
788
772
789
773
790
774
791
775
792
776
793
777
794
795
779
780
781
782
783
784
785
786
787
788
789
790
791
792
793
794
795
797
814
798
815
799
816
800
817
801
818
802
819
803
820
804
821
805
822
823
807
824
808
825
809
826
810
827
811
828
812
829
813
830
814
831
815
832
816
833
817
834
818
835
819
836
820
837
821
838
822
839
823
840
841
825
842
826
843
827
844
828
845
829
846
830
847
831
848
832
849
833
850
834
851
835
852
836
853
837
854
838
855
839
856
840
857
841
858
859
843
860
844
861
845
862
846
863
847
864
848
865
849
866
850
867
851
868
852
869
853
870
854
871
855
872
856
873
857
874
858
875
859
876
877
861
878
862
879
863
880
864
881
865
882
866
883
867
884
868
885
869
886
870
887
871
888
872
889
873
890
874
891
875
892
876
893
877
894
895
879
896
880
897
881
898
882
899
883
900
884
901
885
902
886
903
887
904
888
905
889
906
890
907
891
908
892
909
893
910
894
911
895
912
913
897
914
898
915
899
916
900
917
901
918
902
919
903
920
904
921
905
922
906
923
907
924
908
925
909
926
910
927
911
928
912
929
913
930
931
915
932
916
933
917
934
918
935
919
936
920
937
921
938
922
939
923
940
924
941
925
942
926
943
927
944
928
945
929
946
930
947
931
948
949
933
950
934
951
935
952
936
953
937
954
938
955
939
956
940
957
941
958
942
959
943
960
944
961
945
962
946
963
947
964
948
965
949
966
967
951
952
953
954
955
956
957
958
959
960
961
962
963
964
965
966
967
969
986
1302
970
987
1303
971
988
1304
972
989
1305
973
990
1306
974
991
1307
975
992
1308
976
993
1309
977
994
1310
978
995
1311
979
996
1312
980
997
1313
981
998
1314
982
999
1315
983
1000
1316
984
1001
1317
985
1002
1318
1003
1319
987
1004
988
1005
989
1006
990
1007
991
1008
992
1009
993
1010
994
1011
995
1012
996
1013
997
1014
998
1015
999
1016
1000
1017
1001
1018
1002
1019
1003
1020
1021
1005
1022
1006
1023
1007
1024
1008
1025
1009
1026
1010
1027
1011
1028
1012
1029
1013
1030
1014
1031
1015
1032
1016
1033
1017
1034
1018
1035
1019
1036
1020
1037
1021
1038
1039
1023
1040
1024
1041
1025
1042
1026
1043
1027
1044
1028
1045
1029
1046
1030
1047
1031
1048
1032
1049
1033
1050
1034
1051
1035
1052
1036
1053
1037
1054
1038
1055
1039
1056
1057
1041
1058
1042
1059
1043
1060
1044
1061
1045
1062
1046
1063
1047
1064
1048
1065
1049
1066
1050
1067
1051
1068
1052
1069
1053
1070
1054
1071
1055
1072
1056
1073
1057
1074
1075
1059
1076
1060
1077
1061
1078
1062
1079
1063
1080
1064
1081
1065
1082
1066
1083
1067
1084
1068
1085
1069
1086
1070
1087
1071
1088
1072
1089
1073
1090
1074
1091
1075
1092
1093
1077
1094
1078
1095
1079
1096
1080
1097
1081
1098
1082
1099
1083
1100
1084
1101
1085
1102
1086
1103
1087
1104
1088
1105
1089
1106
1090
1107
1091
1108
1092
1109
1093
1110
1111
1095
1112
1096
1113
1097
1114
1098
1115
1099
1116
1100
1117
1101
1118
1102
1119
1103
1120
1104
1121
1105
1122
1106
1123
1107
1124
1108
1125
1109
1126
1110
1127
1111
1128
1129
1113
1114
1115
1116
1117
1118
1119
1120
1121
1130
1122
1131
1123
1132
1124
1133
1125
1134
1126
1135
1127
1136
1128
1137
1129
1138
1139
1131
1132
1133
1134
1135
1136
1137
1138
1139
1141
1158
1142
1159
1143
1160
1144
1161
1145
1162
1146
1163
1147
1164
1148
1165
1149
1166
1150
1167
1151
1168
1152
1169
1153
1170
1154
1171
1155
1172
1156
1173
1157
1174
1175
1159
1176
1320
1160
1177
1321
1161
1178
1322
1162
1179
1323
1163
1180
1324
1164
1181
1325
1165
1182
1326
1166
1183
1327
1167
1184
1328
1168
1185
1329
1169
1186
1330
1170
1187
1331
1171
1188
1332
1172
1189
1333
1173
1190
1334
1174
1191
1335
1175
1192
1336
1193
1337
1177
1194
1178
1195
1179
1196
1180
1197
1181
1198
1182
1199
1183
1200
1184
1201
1185
1202
1186
1203
1187
1204
1188
1205
1189
1206
1190
1207
1191
1208
1192
1209
1193
1210
1211
1195
1212
1196
1213
1197
1214
1198
1215
1199
1216
1200
1217
1201
1218
1202
1219
1203
1220
1204
1221
1205
1222
1206
1223
1207
1224
1208
1225
1209
1226
1210
1227
1211
1228
1229
1213
1230
1214
1231
1215
1232
1216
1233
1217
1234
1218
1235
1219
1236
1220
1237
1221
1238
1222
1239
1223
1240
1224
1241
1225
1242
1226
1243
1227
1244
1228
1245
1229
1246
1247
1231
1248
1232
1249
1233
1250
1234
1251
1235
1252
1236
1253
1237
1254
1238
1255
1239
1256
1240
1257
1241
1258
1242
1259
1243
1260
1244
1261
1245
1262
1246
1263
1247
1264
1265
1249
1266
1250
1267
1251
1268
1252
1269
1253
1270
1254
1271
1255
1272
1256
1273
1257
1274
1258
1275
1259
1276
1260
1277
1261
1278
1262
1279
1263
1280
1264
1281
1265
1282
1283
1267
1284
1268
1285
1269
1286
1270
1287
1271
1288
1272
1289
1273
1290
1274
1291
1275
1292
1276
1293
1277
1294
1278
1295
1279
1296
1280
1297
1281
1298
1282
1299
1283
1300
1301
1285
1302
1286
1303
1287
1304
1288
1305
1289
1306
1290
1307
1291
1308
1292
1309
1293
1310
1294
1311
1295
1312
1296
1313
1297
1314
1298
1315
1299
1316
1300
1317
1301
1318
1319
1303
1304
1305
1306
1307
1308
1309
1310
1311
1312
1313
1314
1315
1316
1317
1318
1319
1321
1322
1323
1324
1325
1326
1327
1328
1329
1330
1331
1332
1333
1334
1335
1336
1337
)


// ************************************************************************* //
