/*--------------------------------*- C++ -*----------------------------------*\
| =========                 |                                                 |
| \\      /  F ield         | OpenFOAM: The Open Source CFD Toolbox           |
|  \\    /   O peration     | Version:  2.4.0                                 |
|   \\  /    A nd           | Web:      www.OpenFOAM.org                      |
|    \\/     M anipulation  |                                                 |
\*---------------------------------------------------------------------------*/
FoamFile
{
    version     2.0;
    format      ascii;
    class       faceList;
    location    "constant/polyMesh";
    object      faces;
}
// * * * * * * * * * * * * * * * * * * * * * * * * * * * * * * * * * * * * * //


4399
(
4(223 222 204 205)
4(223 224 226 222)
4(223 205 206 224)
4(222 226 207 204)
4(225 227 208 209)
4(223 222 227 225)
4(223 225 209 205)
4(222 204 208 227)
4(228 229 210 211)
4(225 227 229 228)
4(225 228 211 209)
4(227 208 210 229)
4(230 231 212 213)
4(228 229 231 230)
4(228 230 213 211)
4(229 210 212 231)
4(232 233 214 215)
4(230 231 233 232)
4(230 232 215 213)
4(231 212 214 233)
4(234 235 216 217)
4(232 233 235 234)
4(232 234 217 215)
4(233 214 216 235)
4(236 237 218 219)
4(234 235 237 236)
4(234 236 219 217)
4(235 216 218 237)
4(236 237 239 238)
4(236 238 221 219)
4(237 218 220 239)
4(249 248 222 223)
4(249 223 224 250)
4(248 251 226 222)
4(249 250 251 248)
4(252 253 227 225)
4(249 252 225 223)
4(248 222 227 253)
4(249 248 253 252)
4(254 256 229 228)
4(252 254 228 225)
4(253 227 229 256)
4(252 253 256 254)
4(257 258 231 230)
4(254 257 230 228)
4(256 229 231 258)
4(254 256 258 257)
4(259 261 233 232)
4(257 259 232 230)
4(258 231 233 261)
4(257 258 261 259)
4(262 264 235 234)
4(259 262 234 232)
4(261 233 235 264)
4(259 261 264 262)
4(265 267 237 236)
4(262 265 236 234)
4(264 235 237 267)
4(262 264 267 265)
4(268 270 239 238)
4(265 268 238 236)
4(267 237 239 270)
4(265 267 270 268)
4(271 273 241 240)
4(268 271 240 238)
4(270 239 241 273)
4(268 270 273 271)
4(274 276 243 242)
4(271 274 242 240)
4(273 241 243 276)
4(271 273 276 274)
4(277 279 245 244)
4(274 277 244 242)
4(276 243 245 279)
4(274 276 279 277)
4(277 280 246 244)
4(279 245 247 282)
4(277 279 282 280)
4(285 289 255 249)
4(285 284 294 289)
4(285 249 250 284)
4(289 294 287 255)
4(249 255 287 250)
4(288 292 260 252)
4(285 289 292 288)
4(285 288 252 249)
4(289 255 260 292)
4(249 252 260 255)
4(290 295 263 254)
4(288 292 295 290)
4(288 290 254 252)
4(292 260 263 295)
4(252 254 263 260)
4(291 298 266 257)
4(290 295 298 291)
4(290 291 257 254)
4(295 263 266 298)
4(254 257 266 263)
4(293 300 269 259)
4(291 298 300 293)
4(291 293 259 257)
4(298 266 269 300)
4(257 259 269 266)
4(296 302 272 262)
4(293 300 302 296)
4(293 296 262 259)
4(300 269 272 302)
4(259 262 272 269)
4(297 304 275 265)
4(296 302 304 297)
4(296 297 265 262)
4(302 272 275 304)
4(262 265 275 272)
4(299 306 278 268)
4(297 304 306 299)
4(297 299 268 265)
4(304 275 278 306)
4(265 268 278 275)
4(301 308 281 271)
4(299 306 308 301)
4(299 301 271 268)
4(306 278 281 308)
4(268 271 281 278)
4(303 310 283 274)
4(301 308 310 303)
4(301 303 274 271)
4(308 281 283 310)
4(271 274 283 281)
4(305 316 286 277)
4(303 310 316 305)
4(303 305 277 274)
4(310 283 286 316)
4(274 277 286 283)
4(305 316 323 307)
4(305 307 280 277)
4(316 286 309 323)
4(277 280 309 286)
4(312 311 289 285)
4(312 313 314 311)
4(312 285 284 313)
4(311 314 294 289)
4(315 317 292 288)
4(312 311 317 315)
4(312 315 288 285)
4(311 289 292 317)
4(318 319 295 290)
4(315 317 319 318)
4(315 318 290 288)
4(317 292 295 319)
4(320 321 298 291)
4(318 319 321 320)
4(318 320 291 290)
4(319 295 298 321)
4(322 324 300 293)
4(320 321 324 322)
4(320 322 293 291)
4(321 298 300 324)
4(325 326 302 296)
4(322 324 326 325)
4(322 325 296 293)
4(324 300 302 326)
4(327 328 304 297)
4(325 326 328 327)
4(325 327 297 296)
4(326 302 304 328)
4(329 330 306 299)
4(327 328 330 329)
4(327 329 299 297)
4(328 304 306 330)
4(331 332 308 301)
4(329 330 332 331)
4(329 331 301 299)
4(330 306 308 332)
4(333 334 310 303)
4(331 332 334 333)
4(331 333 303 301)
4(332 308 310 334)
4(335 336 316 305)
4(333 334 336 335)
4(333 335 305 303)
4(334 310 316 336)
4(335 336 338 337)
4(335 337 307 305)
4(336 316 323 338)
4(340 339 311 312)
4(340 341 342 339)
4(340 312 313 341)
4(339 342 314 311)
4(343 344 317 315)
4(340 339 344 343)
4(340 343 315 312)
4(339 311 317 344)
4(345 346 319 318)
4(343 344 346 345)
4(343 345 318 315)
4(344 317 319 346)
4(347 348 321 320)
4(345 346 348 347)
4(345 347 320 318)
4(346 319 321 348)
4(349 350 324 322)
4(347 348 350 349)
4(347 349 322 320)
4(348 321 324 350)
4(351 352 326 325)
4(349 350 352 351)
4(349 351 325 322)
4(350 324 326 352)
4(353 354 328 327)
4(351 352 354 353)
4(351 353 327 325)
4(352 326 328 354)
4(355 356 330 329)
4(353 354 356 355)
4(353 355 329 327)
4(354 328 330 356)
4(357 358 332 331)
4(355 356 358 357)
4(355 357 331 329)
4(356 330 332 358)
4(359 360 334 333)
4(357 358 360 359)
4(357 359 333 331)
4(358 332 334 360)
4(361 362 336 335)
4(359 360 362 361)
4(359 361 335 333)
4(360 334 336 362)
4(361 362 364 363)
4(361 363 337 335)
4(362 336 338 364)
4(340 365 366 339)
4(340 341 368 365)
4(339 366 367 342)
4(365 368 367 366)
4(343 369 370 344)
4(340 365 369 343)
4(339 344 370 366)
4(365 366 370 369)
4(345 371 372 346)
4(343 369 371 345)
4(344 346 372 370)
4(369 370 372 371)
4(347 373 374 348)
4(345 371 373 347)
4(346 348 374 372)
4(371 372 374 373)
4(349 375 376 350)
4(347 373 375 349)
4(348 350 376 374)
4(373 374 376 375)
4(351 377 378 352)
4(349 375 377 351)
4(350 352 378 376)
4(375 376 378 377)
4(353 379 380 354)
4(351 377 379 353)
4(352 354 380 378)
4(377 378 380 379)
4(355 381 382 356)
4(353 379 381 355)
4(354 356 382 380)
4(379 380 382 381)
4(357 385 387 358)
4(355 381 385 357)
4(356 358 387 382)
4(381 382 387 385)
4(359 388 389 360)
4(357 385 388 359)
4(358 360 389 387)
4(385 387 389 388)
4(361 391 393 362)
4(359 388 391 361)
4(360 362 393 389)
4(388 389 393 391)
4(361 391 395 363)
4(362 364 396 393)
4(391 393 396 395)
4(384 392 365 340)
4(384 383 401 392)
4(384 340 341 383)
4(392 401 368 365)
4(386 398 369 343)
4(384 392 398 386)
4(384 386 343 340)
4(392 365 369 398)
4(390 400 371 345)
4(386 398 400 390)
4(386 390 345 343)
4(398 369 371 400)
4(394 403 373 347)
4(390 400 403 394)
4(390 394 347 345)
4(400 371 373 403)
4(397 405 375 349)
4(394 403 405 397)
4(394 397 349 347)
4(403 373 375 405)
4(399 407 377 351)
4(397 405 407 399)
4(397 399 351 349)
4(405 375 377 407)
4(402 409 379 353)
4(399 407 409 402)
4(399 402 353 351)
4(407 377 379 409)
4(404 411 381 355)
4(402 409 411 404)
4(402 404 355 353)
4(409 379 381 411)
4(406 413 385 357)
4(404 411 413 406)
4(404 406 357 355)
4(411 381 385 413)
4(408 414 388 359)
4(406 413 414 408)
4(406 408 359 357)
4(413 385 388 414)
4(410 415 391 361)
4(408 414 415 410)
4(408 410 361 359)
4(414 388 391 415)
4(410 415 416 412)
4(410 412 363 361)
4(415 391 395 416)
4(418 417 392 384)
4(418 419 420 417)
4(418 384 383 419)
4(417 420 401 392)
4(421 422 398 386)
4(418 417 422 421)
4(418 421 386 384)
4(417 392 398 422)
4(423 424 400 390)
4(421 422 424 423)
4(421 423 390 386)
4(422 398 400 424)
4(425 426 403 394)
4(423 424 426 425)
4(423 425 394 390)
4(424 400 403 426)
4(427 428 405 397)
4(425 426 428 427)
4(425 427 397 394)
4(426 403 405 428)
4(429 430 407 399)
4(427 428 430 429)
4(427 429 399 397)
4(428 405 407 430)
4(431 432 409 402)
4(429 430 432 431)
4(429 431 402 399)
4(430 407 409 432)
4(433 434 411 404)
4(431 432 434 433)
4(431 433 404 402)
4(432 409 411 434)
4(435 436 413 406)
4(433 434 436 435)
4(433 435 406 404)
4(434 411 413 436)
4(437 438 414 408)
4(435 436 438 437)
4(435 437 408 406)
4(436 413 414 438)
4(439 440 415 410)
4(437 438 440 439)
4(437 439 410 408)
4(438 414 415 440)
4(439 440 442 441)
4(439 441 412 410)
4(440 415 416 442)
4(444 443 417 418)
4(444 445 446 443)
4(444 418 419 445)
4(443 446 420 417)
4(447 448 422 421)
4(444 443 448 447)
4(444 447 421 418)
4(443 417 422 448)
4(449 450 424 423)
4(447 448 450 449)
4(447 449 423 421)
4(448 422 424 450)
4(451 452 426 425)
4(449 450 452 451)
4(449 451 425 423)
4(450 424 426 452)
4(453 454 428 427)
4(451 452 454 453)
4(451 453 427 425)
4(452 426 428 454)
4(455 456 430 429)
4(453 454 456 455)
4(453 455 429 427)
4(454 428 430 456)
4(457 458 432 431)
4(455 456 458 457)
4(455 457 431 429)
4(456 430 432 458)
4(459 460 434 433)
4(457 458 460 459)
4(457 459 433 431)
4(458 432 434 460)
4(461 462 436 435)
4(459 460 462 461)
4(459 461 435 433)
4(460 434 436 462)
4(463 464 438 437)
4(461 462 464 463)
4(461 463 437 435)
4(462 436 438 464)
4(465 466 440 439)
4(463 464 466 465)
4(463 465 439 437)
4(464 438 440 466)
4(465 466 468 467)
4(465 467 441 439)
4(466 440 442 468)
4(470 469 443 444)
4(470 471 472 469)
4(470 444 445 471)
4(469 472 446 443)
4(473 474 448 447)
4(470 469 474 473)
4(470 473 447 444)
4(469 443 448 474)
4(475 476 450 449)
4(473 474 476 475)
4(473 475 449 447)
4(474 448 450 476)
4(477 478 452 451)
4(475 476 478 477)
4(475 477 451 449)
4(476 450 452 478)
4(479 480 454 453)
4(477 478 480 479)
4(477 479 453 451)
4(478 452 454 480)
4(481 482 456 455)
4(479 480 482 481)
4(479 481 455 453)
4(480 454 456 482)
4(483 484 458 457)
4(481 482 484 483)
4(481 483 457 455)
4(482 456 458 484)
4(485 486 460 459)
4(483 484 486 485)
4(483 485 459 457)
4(484 458 460 486)
4(487 488 462 461)
4(485 486 488 487)
4(485 487 461 459)
4(486 460 462 488)
4(489 490 464 463)
4(487 488 490 489)
4(487 489 463 461)
4(488 462 464 490)
4(491 492 466 465)
4(489 490 492 491)
4(489 491 465 463)
4(490 464 466 492)
4(491 492 494 493)
4(491 493 467 465)
4(492 466 468 494)
4(470 495 496 469)
4(470 471 498 495)
4(469 496 497 472)
4(495 498 497 496)
4(473 499 500 474)
4(470 495 499 473)
4(469 474 500 496)
4(495 496 500 499)
4(475 501 502 476)
4(473 499 501 475)
4(474 476 502 500)
4(499 500 502 501)
4(477 503 504 478)
4(475 501 503 477)
4(476 478 504 502)
4(501 502 504 503)
4(479 505 506 480)
4(477 503 505 479)
4(478 480 506 504)
4(503 504 506 505)
4(481 507 508 482)
4(479 505 507 481)
4(480 482 508 506)
4(505 506 508 507)
4(483 509 510 484)
4(481 507 509 483)
4(482 484 510 508)
4(507 508 510 509)
4(485 511 512 486)
4(483 509 511 485)
4(484 486 512 510)
4(509 510 512 511)
4(487 515 517 488)
4(485 511 515 487)
4(486 488 517 512)
4(511 512 517 515)
4(489 518 519 490)
4(487 515 518 489)
4(488 490 519 517)
4(515 517 519 518)
4(491 521 523 492)
4(489 518 521 491)
4(490 492 523 519)
4(518 519 523 521)
4(491 521 525 493)
4(492 494 526 523)
4(521 523 526 525)
4(514 522 495 470)
4(514 470 471 513)
4(522 531 498 495)
4(516 528 499 473)
4(514 516 473 470)
4(522 495 499 528)
4(520 530 501 475)
4(516 520 475 473)
4(528 499 501 530)
4(524 533 503 477)
4(520 524 477 475)
4(530 501 503 533)
4(527 535 505 479)
4(524 527 479 477)
4(533 503 505 535)
4(529 537 507 481)
4(527 529 481 479)
4(535 505 507 537)
4(532 539 509 483)
4(529 532 483 481)
4(537 507 509 539)
4(534 541 511 485)
4(532 534 485 483)
4(539 509 511 541)
4(536 543 515 487)
4(534 536 487 485)
4(541 511 515 543)
4(538 544 518 489)
4(536 538 489 487)
4(543 515 518 544)
4(540 545 521 491)
4(538 540 491 489)
4(544 518 521 545)
4(540 542 493 491)
4(545 521 525 546)
4(514 470 639 657)
4(470 471 640 639)
4(516 473 644 665)
4(470 639 644 473)
4(520 475 648 669)
4(473 644 648 475)
4(524 477 651 672)
4(475 648 651 477)
4(527 479 654 676)
4(477 651 654 479)
4(529 481 658 678)
4(479 654 658 481)
4(532 483 662 680)
4(481 658 662 483)
4(534 485 666 681)
4(483 662 666 485)
4(536 487 670 682)
4(485 666 670 487)
4(538 489 673 683)
4(487 670 673 489)
4(540 491 677 684)
4(489 673 677 491)
4(491 677 679 493)
4(470 444 632 639)
4(444 445 633 632)
4(473 447 636 644)
4(444 632 636 447)
4(475 449 641 648)
4(447 636 641 449)
4(477 451 645 651)
4(449 641 645 451)
4(479 453 649 654)
4(451 645 649 453)
4(481 455 652 658)
4(453 649 652 455)
4(483 457 655 662)
4(455 652 655 457)
4(485 459 659 666)
4(457 655 659 459)
4(487 461 663 670)
4(459 659 663 461)
4(489 463 667 673)
4(461 663 667 463)
4(491 465 671 677)
4(463 667 671 465)
4(465 671 674 467)
4(444 418 626 632)
4(418 419 629 626)
4(447 421 630 636)
4(418 626 630 421)
4(449 423 635 641)
4(421 630 635 423)
4(451 425 638 645)
4(423 635 638 425)
4(453 427 643 649)
4(425 638 643 427)
4(455 429 647 652)
4(427 643 647 429)
4(457 431 650 655)
4(429 647 650 431)
4(459 433 653 659)
4(431 650 653 433)
4(461 435 656 663)
4(433 653 656 435)
4(463 437 660 667)
4(435 656 660 437)
4(465 439 664 671)
4(437 660 664 439)
4(439 664 668 441)
4(418 384 609 626)
4(384 383 623 609)
4(421 386 614 630)
4(384 609 614 386)
4(423 390 617 635)
4(386 614 617 390)
4(425 394 620 638)
4(390 617 620 394)
4(427 397 624 643)
4(394 620 624 397)
4(429 399 627 647)
4(397 624 627 399)
4(431 402 631 650)
4(399 627 631 402)
4(433 404 634 653)
4(402 631 634 404)
4(435 406 637 656)
4(404 634 637 406)
4(437 408 642 660)
4(406 637 642 408)
4(439 410 646 664)
4(408 642 646 410)
4(410 646 661 412)
4(384 340 589 609)
4(340 341 592 589)
4(386 343 595 614)
4(340 589 595 343)
4(390 345 600 617)
4(343 595 600 345)
4(394 347 603 620)
4(345 600 603 347)
4(397 349 606 624)
4(347 603 606 349)
4(399 351 610 627)
4(349 606 610 351)
4(402 353 611 631)
4(351 610 611 353)
4(404 355 615 634)
4(353 611 615 355)
4(406 357 618 637)
4(355 615 618 357)
4(408 359 621 642)
4(357 618 621 359)
4(410 361 625 646)
4(359 621 625 361)
4(361 625 628 363)
4(340 312 575 589)
4(312 313 584 575)
4(343 315 583 595)
4(312 575 583 315)
4(345 318 588 600)
4(315 583 588 318)
4(347 320 594 603)
4(318 588 594 320)
4(349 322 598 606)
4(320 594 598 322)
4(351 325 602 610)
4(322 598 602 325)
4(353 327 605 611)
4(325 602 605 327)
4(355 329 608 615)
4(327 605 608 329)
4(357 331 612 618)
4(329 608 612 331)
4(359 333 616 621)
4(331 612 616 333)
4(361 335 619 625)
4(333 616 619 335)
4(335 619 622 337)
4(312 285 565 575)
4(285 284 567 565)
4(315 288 569 583)
4(285 565 569 288)
4(318 290 574 588)
4(288 569 574 290)
4(320 291 578 594)
4(290 574 578 291)
4(322 293 581 598)
4(291 578 581 293)
4(325 296 587 602)
4(293 581 587 296)
4(327 297 593 605)
4(296 587 593 297)
4(329 299 597 608)
4(297 593 597 299)
4(331 301 601 612)
4(299 597 601 301)
4(333 303 604 616)
4(301 601 604 303)
4(335 305 607 619)
4(303 604 607 305)
4(305 607 613 307)
4(285 249 560 565)
4(249 250 561 560)
4(288 252 564 569)
4(249 560 564 252)
4(290 254 568 574)
4(252 564 568 254)
4(291 257 571 578)
4(254 568 571 257)
4(293 259 572 581)
4(257 571 572 259)
4(296 262 576 587)
4(259 572 576 262)
4(297 265 579 593)
4(262 576 579 265)
4(299 268 582 597)
4(265 579 582 268)
4(301 271 585 601)
4(268 582 585 271)
4(303 274 590 604)
4(271 585 590 274)
4(305 277 596 607)
4(274 590 596 277)
4(277 596 599 280)
4(249 223 551 560)
4(223 224 557 551)
4(252 225 554 564)
4(223 551 554 225)
4(254 228 556 568)
4(225 554 556 228)
4(257 230 559 571)
4(228 556 559 230)
4(259 232 563 572)
4(230 559 563 232)
4(262 234 566 576)
4(232 563 566 234)
4(265 236 570 579)
4(234 566 570 236)
4(268 238 573 582)
4(236 570 573 238)
4(271 240 577 585)
4(274 242 580 590)
4(277 244 586 596)
4(223 205 548 551)
4(225 209 549 554)
4(228 211 550 556)
4(230 213 552 559)
4(232 215 553 563)
4(234 217 555 566)
4(236 219 558 570)
4(204 222 9 0)
4(222 226 10 9)
4(0 9 10 1)
4(208 227 11 2)
4(222 9 11 227)
4(0 2 11 9)
4(210 229 12 3)
4(227 11 12 229)
4(2 3 12 11)
4(212 231 13 4)
4(229 12 13 231)
4(3 4 13 12)
4(214 233 14 5)
4(231 13 14 233)
4(4 5 14 13)
4(216 235 15 6)
4(233 14 15 235)
4(5 6 15 14)
4(218 237 16 7)
4(235 15 16 237)
4(6 7 16 15)
4(237 16 17 239)
4(7 8 17 16)
4(222 248 22 9)
4(248 251 23 22)
4(9 22 23 10)
4(227 253 24 11)
4(248 22 24 253)
4(9 11 24 22)
4(229 256 25 12)
4(253 24 25 256)
4(11 12 25 24)
4(231 258 26 13)
4(256 25 26 258)
4(12 13 26 25)
4(233 261 27 14)
4(258 26 27 261)
4(13 14 27 26)
4(235 264 28 15)
4(261 27 28 264)
4(14 15 28 27)
4(237 267 29 16)
4(264 28 29 267)
4(15 16 29 28)
4(239 270 30 17)
4(267 29 30 270)
4(16 17 30 29)
4(241 273 31 18)
4(270 30 31 273)
4(17 18 31 30)
4(243 276 32 19)
4(273 31 32 276)
4(18 19 32 31)
4(245 279 33 20)
4(276 32 33 279)
4(19 20 33 32)
4(279 33 34 282)
4(20 21 34 33)
4(248 255 35 22)
4(255 287 36 35)
4(248 251 287 255)
4(22 35 36 23)
4(253 260 37 24)
4(255 35 37 260)
4(248 255 260 253)
4(22 24 37 35)
4(256 263 38 25)
4(260 37 38 263)
4(253 260 263 256)
4(24 25 38 37)
4(258 266 39 26)
4(263 38 39 266)
4(256 263 266 258)
4(25 26 39 38)
4(261 269 40 27)
4(266 39 40 269)
4(258 266 269 261)
4(26 27 40 39)
4(264 272 41 28)
4(269 40 41 272)
4(261 269 272 264)
4(27 28 41 40)
4(267 275 42 29)
4(272 41 42 275)
4(264 272 275 267)
4(28 29 42 41)
4(270 278 43 30)
4(275 42 43 278)
4(267 275 278 270)
4(29 30 43 42)
4(273 281 44 31)
4(278 43 44 281)
4(270 278 281 273)
4(30 31 44 43)
4(276 283 45 32)
4(281 44 45 283)
4(273 281 283 276)
4(31 32 45 44)
4(279 286 46 33)
4(283 45 46 286)
4(276 283 286 279)
4(32 33 46 45)
4(286 46 47 309)
4(279 286 309 282)
4(33 34 47 46)
4(255 289 48 35)
4(289 294 49 48)
4(35 48 49 36)
4(260 292 50 37)
4(289 48 50 292)
4(35 37 50 48)
4(263 295 51 38)
4(292 50 51 295)
4(37 38 51 50)
4(266 298 52 39)
4(295 51 52 298)
4(38 39 52 51)
4(269 300 53 40)
4(298 52 53 300)
4(39 40 53 52)
4(272 302 54 41)
4(300 53 54 302)
4(40 41 54 53)
4(275 304 55 42)
4(302 54 55 304)
4(41 42 55 54)
4(278 306 56 43)
4(304 55 56 306)
4(42 43 56 55)
4(281 308 57 44)
4(306 56 57 308)
4(43 44 57 56)
4(283 310 58 45)
4(308 57 58 310)
4(44 45 58 57)
4(286 316 59 46)
4(310 58 59 316)
4(45 46 59 58)
4(316 59 60 323)
4(46 47 60 59)
4(289 311 61 48)
4(311 314 62 61)
4(48 61 62 49)
4(292 317 63 50)
4(311 61 63 317)
4(48 50 63 61)
4(295 319 64 51)
4(317 63 64 319)
4(50 51 64 63)
4(298 321 65 52)
4(319 64 65 321)
4(51 52 65 64)
4(300 324 66 53)
4(321 65 66 324)
4(52 53 66 65)
4(302 326 67 54)
4(324 66 67 326)
4(53 54 67 66)
4(304 328 68 55)
4(326 67 68 328)
4(54 55 68 67)
4(306 330 69 56)
4(328 68 69 330)
4(55 56 69 68)
4(308 332 70 57)
4(330 69 70 332)
4(56 57 70 69)
4(310 334 71 58)
4(332 70 71 334)
4(57 58 71 70)
4(316 336 72 59)
4(334 71 72 336)
4(58 59 72 71)
4(336 72 73 338)
4(59 60 73 72)
4(311 339 74 61)
4(339 342 75 74)
4(61 74 75 62)
4(317 344 76 63)
4(339 74 76 344)
4(61 63 76 74)
4(319 346 77 64)
4(344 76 77 346)
4(63 64 77 76)
4(321 348 78 65)
4(346 77 78 348)
4(64 65 78 77)
4(324 350 79 66)
4(348 78 79 350)
4(65 66 79 78)
4(326 352 80 67)
4(350 79 80 352)
4(66 67 80 79)
4(328 354 81 68)
4(352 80 81 354)
4(67 68 81 80)
4(330 356 82 69)
4(354 81 82 356)
4(68 69 82 81)
4(332 358 83 70)
4(356 82 83 358)
4(69 70 83 82)
4(334 360 84 71)
4(358 83 84 360)
4(70 71 84 83)
4(336 362 85 72)
4(360 84 85 362)
4(71 72 85 84)
4(362 85 86 364)
4(72 73 86 85)
4(339 366 87 74)
4(366 367 88 87)
4(74 87 88 75)
4(344 370 89 76)
4(366 87 89 370)
4(74 76 89 87)
4(346 372 90 77)
4(370 89 90 372)
4(76 77 90 89)
4(348 374 91 78)
4(372 90 91 374)
4(77 78 91 90)
4(350 376 92 79)
4(374 91 92 376)
4(78 79 92 91)
4(352 378 93 80)
4(376 92 93 378)
4(79 80 93 92)
4(354 380 94 81)
4(378 93 94 380)
4(80 81 94 93)
4(356 382 95 82)
4(380 94 95 382)
4(81 82 95 94)
4(358 387 96 83)
4(382 95 96 387)
4(82 83 96 95)
4(360 389 97 84)
4(387 96 97 389)
4(83 84 97 96)
4(362 393 98 85)
4(389 97 98 393)
4(84 85 98 97)
4(393 98 99 396)
4(85 86 99 98)
4(366 365 100 87)
4(365 368 101 100)
4(87 100 101 88)
4(370 369 102 89)
4(365 100 102 369)
4(87 89 102 100)
4(372 371 103 90)
4(369 102 103 371)
4(89 90 103 102)
4(374 373 104 91)
4(371 103 104 373)
4(90 91 104 103)
4(376 375 105 92)
4(373 104 105 375)
4(91 92 105 104)
4(378 377 106 93)
4(375 105 106 377)
4(92 93 106 105)
4(380 379 107 94)
4(377 106 107 379)
4(93 94 107 106)
4(382 381 108 95)
4(379 107 108 381)
4(94 95 108 107)
4(387 385 109 96)
4(381 108 109 385)
4(95 96 109 108)
4(389 388 110 97)
4(385 109 110 388)
4(96 97 110 109)
4(393 391 111 98)
4(388 110 111 391)
4(97 98 111 110)
4(391 111 112 395)
4(98 99 112 111)
4(365 392 113 100)
4(392 401 114 113)
4(100 113 114 101)
4(369 398 115 102)
4(392 113 115 398)
4(100 102 115 113)
4(371 400 116 103)
4(398 115 116 400)
4(102 103 116 115)
4(373 403 117 104)
4(400 116 117 403)
4(103 104 117 116)
4(375 405 118 105)
4(403 117 118 405)
4(104 105 118 117)
4(377 407 119 106)
4(405 118 119 407)
4(105 106 119 118)
4(379 409 120 107)
4(407 119 120 409)
4(106 107 120 119)
4(381 411 121 108)
4(409 120 121 411)
4(107 108 121 120)
4(385 413 122 109)
4(411 121 122 413)
4(108 109 122 121)
4(388 414 123 110)
4(413 122 123 414)
4(109 110 123 122)
4(391 415 124 111)
4(414 123 124 415)
4(110 111 124 123)
4(415 124 125 416)
4(111 112 125 124)
4(392 417 126 113)
4(417 420 127 126)
4(113 126 127 114)
4(398 422 128 115)
4(417 126 128 422)
4(113 115 128 126)
4(400 424 129 116)
4(422 128 129 424)
4(115 116 129 128)
4(403 426 130 117)
4(424 129 130 426)
4(116 117 130 129)
4(405 428 131 118)
4(426 130 131 428)
4(117 118 131 130)
4(407 430 132 119)
4(428 131 132 430)
4(118 119 132 131)
4(409 432 133 120)
4(430 132 133 432)
4(119 120 133 132)
4(411 434 134 121)
4(432 133 134 434)
4(120 121 134 133)
4(413 436 135 122)
4(434 134 135 436)
4(121 122 135 134)
4(414 438 136 123)
4(436 135 136 438)
4(122 123 136 135)
4(415 440 137 124)
4(438 136 137 440)
4(123 124 137 136)
4(440 137 138 442)
4(124 125 138 137)
4(417 443 139 126)
4(443 446 140 139)
4(126 139 140 127)
4(422 448 141 128)
4(443 139 141 448)
4(126 128 141 139)
4(424 450 142 129)
4(448 141 142 450)
4(128 129 142 141)
4(426 452 143 130)
4(450 142 143 452)
4(129 130 143 142)
4(428 454 144 131)
4(452 143 144 454)
4(130 131 144 143)
4(430 456 145 132)
4(454 144 145 456)
4(131 132 145 144)
4(432 458 146 133)
4(456 145 146 458)
4(132 133 146 145)
4(434 460 147 134)
4(458 146 147 460)
4(133 134 147 146)
4(436 462 148 135)
4(460 147 148 462)
4(134 135 148 147)
4(438 464 149 136)
4(462 148 149 464)
4(135 136 149 148)
4(440 466 150 137)
4(464 149 150 466)
4(136 137 150 149)
4(466 150 151 468)
4(137 138 151 150)
4(443 469 152 139)
4(469 472 153 152)
4(139 152 153 140)
4(448 474 154 141)
4(469 152 154 474)
4(139 141 154 152)
4(450 476 155 142)
4(474 154 155 476)
4(141 142 155 154)
4(452 478 156 143)
4(476 155 156 478)
4(142 143 156 155)
4(454 480 157 144)
4(478 156 157 480)
4(143 144 157 156)
4(456 482 158 145)
4(480 157 158 482)
4(144 145 158 157)
4(458 484 159 146)
4(482 158 159 484)
4(145 146 159 158)
4(460 486 160 147)
4(484 159 160 486)
4(146 147 160 159)
4(462 488 161 148)
4(486 160 161 488)
4(147 148 161 160)
4(464 490 162 149)
4(488 161 162 490)
4(148 149 162 161)
4(466 492 163 150)
4(490 162 163 492)
4(149 150 163 162)
4(492 163 164 494)
4(150 151 164 163)
4(469 496 165 152)
4(496 497 166 165)
4(152 165 166 153)
4(474 500 167 154)
4(496 165 167 500)
4(152 154 167 165)
4(476 502 168 155)
4(500 167 168 502)
4(154 155 168 167)
4(478 504 169 156)
4(502 168 169 504)
4(155 156 169 168)
4(480 506 170 157)
4(504 169 170 506)
4(156 157 170 169)
4(482 508 171 158)
4(506 170 171 508)
4(157 158 171 170)
4(484 510 172 159)
4(508 171 172 510)
4(158 159 172 171)
4(486 512 173 160)
4(510 172 173 512)
4(159 160 173 172)
4(488 517 174 161)
4(512 173 174 517)
4(160 161 174 173)
4(490 519 175 162)
4(517 174 175 519)
4(161 162 175 174)
4(492 523 176 163)
4(519 175 176 523)
4(162 163 176 175)
4(523 176 177 526)
4(163 164 177 176)
4(496 495 178 165)
4(495 498 179 178)
4(165 178 179 166)
4(500 499 180 167)
4(495 178 180 499)
4(165 167 180 178)
4(502 501 181 168)
4(499 180 181 501)
4(167 168 181 180)
4(504 503 182 169)
4(501 181 182 503)
4(168 169 182 181)
4(506 505 183 170)
4(503 182 183 505)
4(169 170 183 182)
4(508 507 184 171)
4(505 183 184 507)
4(170 171 184 183)
4(510 509 185 172)
4(507 184 185 509)
4(171 172 185 184)
4(512 511 186 173)
4(509 185 186 511)
4(172 173 186 185)
4(517 515 187 174)
4(511 186 187 515)
4(173 174 187 186)
4(519 518 188 175)
4(515 187 188 518)
4(174 175 188 187)
4(523 521 189 176)
4(518 188 189 521)
4(175 176 189 188)
4(521 189 190 525)
4(176 177 190 189)
4(495 522 191 178)
4(178 191 192 179)
4(499 528 193 180)
4(178 180 193 191)
4(501 530 194 181)
4(180 181 194 193)
4(503 533 195 182)
4(181 182 195 194)
4(505 535 196 183)
4(182 183 196 195)
4(507 537 197 184)
4(183 184 197 196)
4(509 539 198 185)
4(184 185 198 197)
4(511 541 199 186)
4(185 186 199 198)
4(515 543 200 187)
4(186 187 200 199)
4(518 544 201 188)
4(187 188 201 200)
4(521 545 202 189)
4(188 189 202 201)
4(189 190 203 202)
3(249 255 248)
3(252 260 253)
3(254 263 256)
3(257 266 258)
3(259 269 261)
3(262 272 264)
3(265 275 267)
3(268 278 270)
3(271 281 273)
3(274 283 276)
3(277 286 279)
4(807 993 961 780)
4(807 828 998 993)
4(807 780 788 828)
4(993 998 962 961)
4(811 999 963 781)
4(807 993 999 811)
4(807 811 781 780)
4(993 961 963 999)
4(815 1004 964 782)
4(811 999 1004 815)
4(811 815 782 781)
4(999 963 964 1004)
4(819 1005 966 783)
4(815 1004 1005 819)
4(815 819 783 782)
4(1004 964 966 1005)
4(823 1007 967 784)
4(819 1005 1007 823)
4(819 823 784 783)
4(1005 966 967 1007)
4(827 1010 968 785)
4(823 1007 1010 827)
4(823 827 785 784)
4(1007 967 968 1010)
4(829 1016 969 786)
4(827 1010 1016 829)
4(827 829 786 785)
4(1010 968 969 1016)
4(829 1016 1020 832)
4(829 832 787 786)
4(1016 969 970 1020)
4(850 1052 993 807)
4(850 856 1055 1052)
4(850 807 828 856)
4(1052 1055 998 993)
4(851 1056 999 811)
4(850 1052 1056 851)
4(850 851 811 807)
4(1052 993 999 1056)
4(852 1062 1004 815)
4(851 1056 1062 852)
4(851 852 815 811)
4(1056 999 1004 1062)
4(853 1064 1005 819)
4(852 1062 1064 853)
4(852 853 819 815)
4(1062 1004 1005 1064)
4(854 1067 1007 823)
4(853 1064 1067 854)
4(853 854 823 819)
4(1064 1005 1007 1067)
4(855 1069 1010 827)
4(854 1067 1069 855)
4(854 855 827 823)
4(1067 1007 1010 1069)
4(857 1071 1016 829)
4(855 1069 1071 857)
4(855 857 829 827)
4(1069 1010 1016 1071)
4(858 1077 1020 832)
4(857 1071 1077 858)
4(857 858 832 829)
4(1071 1016 1020 1077)
4(859 1081 1024 835)
4(858 1077 1081 859)
4(858 859 835 832)
4(1077 1020 1024 1081)
4(860 1084 1026 839)
4(859 1081 1084 860)
4(859 860 839 835)
4(1081 1024 1026 1084)
4(861 1087 1028 843)
4(860 1084 1087 861)
4(860 861 843 839)
4(1084 1026 1028 1087)
4(691 1088 1033 688)
4(861 1087 1088 691)
4(861 691 688 843)
4(1087 1028 1033 1088)
4(690 1089 1038 687)
4(691 1088 1089 690)
4(691 690 687 688)
4(1088 1033 1038 1089)
4(995 1092 1042 980)
4(690 1089 1092 995)
4(690 995 980 687)
4(1089 1038 1042 1092)
4(997 1093 1044 983)
4(995 1092 1093 997)
4(995 997 983 980)
4(1092 1042 1044 1093)
4(1001 1097 1045 985)
4(997 1093 1097 1001)
4(997 1001 985 983)
4(1093 1044 1045 1097)
4(1003 1100 1048 988)
4(1001 1097 1100 1003)
4(1001 1003 988 985)
4(1097 1045 1048 1100)
4(1003 1100 1106 1009)
4(1003 1009 992 988)
4(1100 1048 1049 1106)
4(862 1109 1052 850)
4(862 868 1111 1109)
4(862 850 856 868)
4(1109 1111 1055 1052)
4(863 1113 1056 851)
4(862 1109 1113 863)
4(862 863 851 850)
4(1109 1052 1056 1113)
4(864 1116 1062 852)
4(863 1113 1116 864)
4(863 864 852 851)
4(1113 1056 1062 1116)
4(865 1121 1064 853)
4(864 1116 1121 865)
4(864 865 853 852)
4(1116 1062 1064 1121)
4(866 1127 1067 854)
4(865 1121 1127 866)
4(865 866 854 853)
4(1121 1064 1067 1127)
4(867 1132 1069 855)
4(866 1127 1132 867)
4(866 867 855 854)
4(1127 1067 1069 1132)
4(869 1135 1071 857)
4(867 1132 1135 869)
4(867 869 857 855)
4(1132 1069 1071 1135)
4(870 1137 1077 858)
4(869 1135 1137 870)
4(869 870 858 857)
4(1135 1071 1077 1137)
4(871 1139 1081 859)
4(870 1137 1139 871)
4(870 871 859 858)
4(1137 1077 1081 1139)
4(872 1143 1084 860)
4(871 1139 1143 872)
4(871 872 860 859)
4(1139 1081 1084 1143)
4(873 1148 1087 861)
4(872 1143 1148 873)
4(872 873 861 860)
4(1143 1084 1087 1148)
4(694 1152 1088 691)
4(873 1148 1152 694)
4(873 694 691 861)
4(1148 1087 1088 1152)
4(693 1156 1089 690)
4(694 1152 1156 693)
4(694 693 690 691)
4(1152 1088 1089 1156)
4(1012 1159 1092 995)
4(693 1156 1159 1012)
4(693 1012 995 690)
4(1156 1089 1092 1159)
4(1015 1161 1093 997)
4(1012 1159 1161 1015)
4(1012 1015 997 995)
4(1159 1092 1093 1161)
4(1018 1166 1097 1001)
4(1015 1161 1166 1018)
4(1015 1018 1001 997)
4(1161 1093 1097 1166)
4(1022 1169 1100 1003)
4(1018 1166 1169 1022)
4(1018 1022 1003 1001)
4(1166 1097 1100 1169)
4(1022 1169 1174 1031)
4(1022 1031 1009 1003)
4(1169 1100 1106 1174)
4(733 732 1109 862)
4(733 862 868 877)
4(732 1181 1111 1109)
4(733 877 1181 732)
4(736 735 1113 863)
4(733 736 863 862)
4(732 1109 1113 735)
4(733 732 735 736)
4(739 738 1116 864)
4(736 739 864 863)
4(735 1113 1116 738)
4(736 735 738 739)
4(742 741 1121 865)
4(739 742 865 864)
4(738 1116 1121 741)
4(739 738 741 742)
4(745 744 1127 866)
4(742 745 866 865)
4(741 1121 1127 744)
4(742 741 744 745)
4(748 747 1132 867)
4(745 748 867 866)
4(744 1127 1132 747)
4(745 744 747 748)
4(751 750 1135 869)
4(748 751 869 867)
4(747 1132 1135 750)
4(748 747 750 751)
4(754 753 1137 870)
4(751 754 870 869)
4(750 1135 1137 753)
4(751 750 753 754)
4(757 756 1139 871)
4(754 757 871 870)
4(753 1137 1139 756)
4(754 753 756 757)
4(760 759 1143 872)
4(757 760 872 871)
4(756 1139 1143 759)
4(757 756 759 760)
4(763 762 1148 873)
4(760 763 873 872)
4(759 1143 1148 762)
4(760 759 762 763)
4(697 765 1152 694)
4(763 697 694 873)
4(762 1148 1152 765)
4(763 762 765 697)
4(696 767 1156 693)
4(697 696 693 694)
4(765 1152 1156 767)
4(697 765 767 696)
4(770 769 1159 1012)
4(696 770 1012 693)
4(767 1156 1159 769)
4(696 767 769 770)
4(773 772 1161 1015)
4(770 773 1015 1012)
4(769 1159 1161 772)
4(770 769 772 773)
4(776 775 1166 1018)
4(773 776 1018 1015)
4(772 1161 1166 775)
4(773 772 775 776)
4(779 778 1169 1022)
4(776 779 1022 1018)
4(775 1166 1169 778)
4(776 775 778 779)
4(779 1047 1031 1022)
4(778 1169 1174 1237)
4(779 778 1237 1047)
4(902 1256 731 733)
4(902 920 1276 1256)
4(902 733 877 920)
4(1256 1276 1247 731)
4(733 731 1247 877)
4(909 1269 734 736)
4(902 1256 1269 909)
4(902 909 736 733)
4(1256 731 734 1269)
4(733 736 734 731)
4(912 1274 737 739)
4(909 1269 1274 912)
4(909 912 739 736)
4(1269 734 737 1274)
4(736 739 737 734)
4(915 1278 740 742)
4(912 1274 1278 915)
4(912 915 742 739)
4(1274 737 740 1278)
4(739 742 740 737)
4(919 1284 743 745)
4(915 1278 1284 919)
4(915 919 745 742)
4(1278 740 743 1284)
4(742 745 743 740)
4(924 1290 746 748)
4(919 1284 1290 924)
4(919 924 748 745)
4(1284 743 746 1290)
4(745 748 746 743)
4(928 1295 749 751)
4(924 1290 1295 928)
4(924 928 751 748)
4(1290 746 749 1295)
4(748 751 749 746)
4(932 1298 752 754)
4(928 1295 1298 932)
4(928 932 754 751)
4(1295 749 752 1298)
4(751 754 752 749)
4(933 1304 755 757)
4(932 1298 1304 933)
4(932 933 757 754)
4(1298 752 755 1304)
4(754 757 755 752)
4(934 1308 758 760)
4(933 1304 1308 934)
4(933 934 760 757)
4(1304 755 758 1308)
4(757 760 758 755)
4(935 1311 761 763)
4(934 1308 1311 935)
4(934 935 763 760)
4(1308 758 761 1311)
4(760 763 761 758)
4(700 1314 764 697)
4(935 1311 1314 700)
4(935 700 697 763)
4(1311 761 764 1314)
4(763 697 764 761)
4(699 1317 766 696)
4(700 1314 1317 699)
4(700 699 696 697)
4(1314 764 766 1317)
4(697 696 766 764)
4(1051 1321 768 770)
4(699 1317 1321 1051)
4(699 1051 770 696)
4(1317 766 768 1321)
4(696 770 768 766)
4(1054 1323 771 773)
4(1051 1321 1323 1054)
4(1051 1054 773 770)
4(1321 768 771 1323)
4(770 773 771 768)
4(1058 1326 774 776)
4(1054 1323 1326 1058)
4(1054 1058 776 773)
4(1323 771 774 1326)
4(773 776 774 771)
4(1061 1329 777 779)
4(1058 1326 1329 1061)
4(1058 1061 779 776)
4(1326 774 777 1329)
4(776 779 777 774)
4(1061 1329 1341 1073)
4(1061 1073 1047 779)
4(1329 777 1320 1341)
4(779 1047 1320 777)
4(791 790 1256 902)
4(791 902 920 936)
4(790 1325 1276 1256)
4(791 936 1325 790)
4(794 793 1269 909)
4(791 794 909 902)
4(790 1256 1269 793)
4(791 790 793 794)
4(797 796 1274 912)
4(794 797 912 909)
4(793 1269 1274 796)
4(794 793 796 797)
4(800 799 1278 915)
4(797 800 915 912)
4(796 1274 1278 799)
4(797 796 799 800)
4(803 802 1284 919)
4(800 803 919 915)
4(799 1278 1284 802)
4(800 799 802 803)
4(806 805 1290 924)
4(803 806 924 919)
4(802 1284 1290 805)
4(803 802 805 806)
4(810 809 1295 928)
4(806 810 928 924)
4(805 1290 1295 809)
4(806 805 809 810)
4(814 813 1298 932)
4(810 814 932 928)
4(809 1295 1298 813)
4(810 809 813 814)
4(818 817 1304 933)
4(814 818 933 932)
4(813 1298 1304 817)
4(814 813 817 818)
4(822 821 1308 934)
4(818 822 934 933)
4(817 1304 1308 821)
4(818 817 821 822)
4(826 825 1311 935)
4(822 826 935 934)
4(821 1308 1311 825)
4(822 821 825 826)
4(703 831 1314 700)
4(826 703 700 935)
4(825 1311 1314 831)
4(826 825 831 703)
4(702 834 1317 699)
4(703 702 699 700)
4(831 1314 1317 834)
4(703 831 834 702)
4(838 837 1321 1051)
4(702 838 1051 699)
4(834 1317 1321 837)
4(702 834 837 838)
4(842 841 1323 1054)
4(838 842 1054 1051)
4(837 1321 1323 841)
4(838 837 841 842)
4(846 845 1326 1058)
4(842 846 1058 1054)
4(841 1323 1326 845)
4(842 841 845 846)
4(849 848 1329 1061)
4(846 849 1061 1058)
4(845 1326 1329 848)
4(846 845 848 849)
4(849 1091 1073 1061)
4(848 1329 1341 1358)
4(849 848 1358 1091)
4(937 1372 789 791)
4(937 942 1381 1372)
4(937 791 936 942)
4(1372 1381 1363 789)
4(791 789 1363 936)
4(938 1376 792 794)
4(937 1372 1376 938)
4(937 938 794 791)
4(1372 789 792 1376)
4(791 794 792 789)
4(939 1379 795 797)
4(938 1376 1379 939)
4(938 939 797 794)
4(1376 792 795 1379)
4(794 797 795 792)
4(940 1382 798 800)
4(939 1379 1382 940)
4(939 940 800 797)
4(1379 795 798 1382)
4(797 800 798 795)
4(941 1385 801 803)
4(940 1382 1385 941)
4(940 941 803 800)
4(1382 798 801 1385)
4(800 803 801 798)
4(943 1390 804 806)
4(941 1385 1390 943)
4(941 943 806 803)
4(1385 801 804 1390)
4(803 806 804 801)
4(944 1394 808 810)
4(943 1390 1394 944)
4(943 944 810 806)
4(1390 804 808 1394)
4(806 810 808 804)
4(945 1399 812 814)
4(944 1394 1399 945)
4(944 945 814 810)
4(1394 808 812 1399)
4(810 814 812 808)
4(946 1401 816 818)
4(945 1399 1401 946)
4(945 946 818 814)
4(1399 812 816 1401)
4(814 818 816 812)
4(947 1405 820 822)
4(946 1401 1405 947)
4(946 947 822 818)
4(1401 816 820 1405)
4(818 822 820 816)
4(948 1409 824 826)
4(947 1405 1409 948)
4(947 948 826 822)
4(1405 820 824 1409)
4(822 826 824 820)
4(706 1412 830 703)
4(948 1409 1412 706)
4(948 706 703 826)
4(1409 824 830 1412)
4(826 703 830 824)
4(705 1414 833 702)
4(706 1412 1414 705)
4(706 705 702 703)
4(1412 830 833 1414)
4(703 702 833 830)
4(1095 1418 836 838)
4(705 1414 1418 1095)
4(705 1095 838 702)
4(1414 833 836 1418)
4(702 838 836 833)
4(1099 1422 840 842)
4(1095 1418 1422 1099)
4(1095 1099 842 838)
4(1418 836 840 1422)
4(838 842 840 836)
4(1102 1425 844 846)
4(1099 1422 1425 1102)
4(1099 1102 846 842)
4(1422 840 844 1425)
4(842 846 844 840)
4(1105 1427 847 849)
4(1102 1425 1427 1105)
4(1102 1105 849 846)
4(1425 844 847 1427)
4(846 849 847 844)
4(1105 1427 1443 1119)
4(1105 1119 1091 849)
4(1427 847 1417 1443)
4(849 1091 1417 847)
4(949 1421 1372 937)
4(949 957 1423 1421)
4(949 937 942 957)
4(1421 1423 1381 1372)
4(950 1426 1376 938)
4(949 1421 1426 950)
4(949 950 938 937)
4(1421 1372 1376 1426)
4(951 1429 1379 939)
4(950 1426 1429 951)
4(950 951 939 938)
4(1426 1376 1379 1429)
4(952 1431 1382 940)
4(951 1429 1431 952)
4(951 952 940 939)
4(1429 1379 1382 1431)
4(953 1434 1385 941)
4(952 1431 1434 953)
4(952 953 941 940)
4(1431 1382 1385 1434)
4(954 1437 1390 943)
4(953 1434 1437 954)
4(953 954 943 941)
4(1434 1385 1390 1437)
4(955 1441 1394 944)
4(954 1437 1441 955)
4(954 955 944 943)
4(1437 1390 1394 1441)
4(956 1444 1399 945)
4(955 1441 1444 956)
4(955 956 945 944)
4(1441 1394 1399 1444)
4(958 1447 1401 946)
4(956 1444 1447 958)
4(956 958 946 945)
4(1444 1399 1401 1447)
4(959 1450 1405 947)
4(958 1447 1450 959)
4(958 959 947 946)
4(1447 1401 1405 1450)
4(960 1453 1409 948)
4(959 1450 1453 960)
4(959 960 948 947)
4(1450 1405 1409 1453)
4(709 1458 1412 706)
4(960 1453 1458 709)
4(960 709 706 948)
4(1453 1409 1412 1458)
4(708 1462 1414 705)
4(709 1458 1462 708)
4(709 708 705 706)
4(1458 1412 1414 1462)
4(1123 1464 1418 1095)
4(708 1462 1464 1123)
4(708 1123 1095 705)
4(1462 1414 1418 1464)
4(1126 1467 1422 1099)
4(1123 1464 1467 1126)
4(1123 1126 1099 1095)
4(1464 1418 1422 1467)
4(1130 1469 1425 1102)
4(1126 1467 1469 1130)
4(1126 1130 1102 1099)
4(1467 1422 1425 1469)
4(1134 1471 1427 1105)
4(1130 1469 1471 1134)
4(1130 1134 1105 1102)
4(1469 1425 1427 1471)
4(1134 1471 1474 1142)
4(1134 1142 1119 1105)
4(1471 1427 1443 1474)
4(876 875 1421 949)
4(876 949 957 965)
4(875 1479 1423 1421)
4(876 965 1479 875)
4(880 879 1426 950)
4(876 880 950 949)
4(875 1421 1426 879)
4(876 875 879 880)
4(883 882 1429 951)
4(880 883 951 950)
4(879 1426 1429 882)
4(880 879 882 883)
4(886 885 1431 952)
4(883 886 952 951)
4(882 1429 1431 885)
4(883 882 885 886)
4(889 888 1434 953)
4(886 889 953 952)
4(885 1431 1434 888)
4(886 885 888 889)
4(892 891 1437 954)
4(889 892 954 953)
4(888 1434 1437 891)
4(889 888 891 892)
4(895 894 1441 955)
4(892 895 955 954)
4(891 1437 1441 894)
4(892 891 894 895)
4(898 897 1444 956)
4(895 898 956 955)
4(894 1441 1444 897)
4(895 894 897 898)
4(901 900 1447 958)
4(898 901 958 956)
4(897 1444 1447 900)
4(898 897 900 901)
4(905 904 1450 959)
4(901 905 959 958)
4(900 1447 1450 904)
4(901 900 904 905)
4(908 907 1453 960)
4(905 908 960 959)
4(904 1450 1453 907)
4(905 904 907 908)
4(712 911 1458 709)
4(908 712 709 960)
4(907 1453 1458 911)
4(908 907 911 712)
4(711 914 1462 708)
4(712 711 708 709)
4(911 1458 1462 914)
4(712 911 914 711)
4(918 917 1464 1123)
4(711 918 1123 708)
4(914 1462 1464 917)
4(711 914 917 918)
4(923 922 1467 1126)
4(918 923 1126 1123)
4(917 1464 1467 922)
4(918 917 922 923)
4(927 926 1469 1130)
4(923 927 1130 1126)
4(922 1467 1469 926)
4(923 922 926 927)
4(931 930 1471 1134)
4(927 931 1134 1130)
4(926 1469 1471 930)
4(927 926 930 931)
4(931 1165 1142 1134)
4(930 1471 1474 1506)
4(931 930 1506 1165)
4(971 1517 874 876)
4(971 976 1526 1517)
4(971 876 965 976)
4(1517 1526 1511 874)
4(876 874 1511 965)
4(972 1522 878 880)
4(971 1517 1522 972)
4(971 972 880 876)
4(1517 874 878 1522)
4(876 880 878 874)
4(973 1525 881 883)
4(972 1522 1525 973)
4(972 973 883 880)
4(1522 878 881 1525)
4(880 883 881 878)
4(974 1528 884 886)
4(973 1525 1528 974)
4(973 974 886 883)
4(1525 881 884 1528)
4(883 886 884 881)
4(975 1530 887 889)
4(974 1528 1530 975)
4(974 975 889 886)
4(1528 884 887 1530)
4(886 889 887 884)
4(977 1532 890 892)
4(975 1530 1532 977)
4(975 977 892 889)
4(1530 887 890 1532)
4(889 892 890 887)
4(978 1535 893 895)
4(977 1532 1535 978)
4(977 978 895 892)
4(1532 890 893 1535)
4(892 895 893 890)
4(981 1539 896 898)
4(978 1535 1539 981)
4(978 981 898 895)
4(1535 893 896 1539)
4(895 898 896 893)
4(986 1543 899 901)
4(981 1539 1543 986)
4(981 986 901 898)
4(1539 896 899 1543)
4(898 901 899 896)
4(989 1545 903 905)
4(986 1543 1545 989)
4(986 989 905 901)
4(1543 899 903 1545)
4(901 905 903 899)
4(990 1549 906 908)
4(989 1545 1549 990)
4(989 990 908 905)
4(1545 903 906 1549)
4(905 908 906 903)
4(715 1553 910 712)
4(990 1549 1553 715)
4(990 715 712 908)
4(1549 906 910 1553)
4(908 712 910 906)
4(714 1558 913 711)
4(715 1553 1558 714)
4(715 714 711 712)
4(1553 910 913 1558)
4(712 711 913 910)
4(1172 1563 916 918)
4(714 1558 1563 1172)
4(714 1172 918 711)
4(1558 913 916 1563)
4(711 918 916 913)
4(1176 1566 921 923)
4(1172 1563 1566 1176)
4(1172 1176 923 918)
4(1563 916 921 1566)
4(918 923 921 916)
4(1179 1570 925 927)
4(1176 1566 1570 1179)
4(1176 1179 927 923)
4(1566 921 925 1570)
4(923 927 925 921)
4(1183 1574 929 931)
4(1179 1570 1574 1183)
4(1179 1183 931 927)
4(1570 925 929 1574)
4(927 931 929 925)
4(1183 1574 1591 1189)
4(1183 1189 1165 931)
4(1574 929 1561 1591)
4(931 1165 1561 929)
4(1006 1565 1517 971)
4(1006 1035 1568 1565)
4(1006 971 976 1035)
4(1565 1568 1526 1517)
4(1013 1571 1522 972)
4(1006 1565 1571 1013)
4(1006 1013 972 971)
4(1565 1517 1522 1571)
4(1019 1575 1525 973)
4(1013 1571 1575 1019)
4(1013 1019 973 972)
4(1571 1522 1525 1575)
4(1023 1577 1528 974)
4(1019 1575 1577 1023)
4(1019 1023 974 973)
4(1575 1525 1528 1577)
4(1025 1580 1530 975)
4(1023 1577 1580 1025)
4(1023 1025 975 974)
4(1577 1528 1530 1580)
4(1027 1584 1532 977)
4(1025 1580 1584 1027)
4(1025 1027 977 975)
4(1580 1530 1532 1584)
4(1029 1588 1535 978)
4(1027 1584 1588 1029)
4(1027 1029 978 977)
4(1584 1532 1535 1588)
4(1034 1592 1539 981)
4(1029 1588 1592 1034)
4(1029 1034 981 978)
4(1588 1535 1539 1592)
4(1037 1596 1543 986)
4(1034 1592 1596 1037)
4(1034 1037 986 981)
4(1592 1539 1543 1596)
4(1040 1599 1545 989)
4(1037 1596 1599 1040)
4(1037 1040 989 986)
4(1596 1543 1545 1599)
4(1043 1602 1549 990)
4(1040 1599 1602 1043)
4(1040 1043 990 989)
4(1599 1545 1549 1602)
4(718 1605 1553 715)
4(1043 1602 1605 718)
4(1043 718 715 990)
4(1602 1549 1553 1605)
4(717 1608 1558 714)
4(718 1605 1608 717)
4(718 717 714 715)
4(1605 1553 1558 1608)
4(1191 1610 1563 1172)
4(717 1608 1610 1191)
4(717 1191 1172 714)
4(1608 1558 1563 1610)
4(1194 1612 1566 1176)
4(1191 1610 1612 1194)
4(1191 1194 1176 1172)
4(1610 1563 1566 1612)
4(1199 1614 1570 1179)
4(1194 1612 1614 1199)
4(1194 1199 1179 1176)
4(1612 1566 1570 1614)
4(1203 1616 1574 1183)
4(1199 1614 1616 1203)
4(1199 1203 1183 1179)
4(1614 1570 1574 1616)
4(1203 1616 1620 1215)
4(1203 1215 1189 1183)
4(1616 1574 1591 1620)
4(1059 1618 1565 1006)
4(1059 1074 1627 1618)
4(1059 1006 1035 1074)
4(1618 1627 1568 1565)
4(1063 1621 1571 1013)
4(1059 1618 1621 1063)
4(1059 1063 1013 1006)
4(1618 1565 1571 1621)
4(1065 1623 1575 1019)
4(1063 1621 1623 1065)
4(1063 1065 1019 1013)
4(1621 1571 1575 1623)
4(1066 1625 1577 1023)
4(1065 1623 1625 1066)
4(1065 1066 1023 1019)
4(1623 1575 1577 1625)
4(1068 1628 1580 1025)
4(1066 1625 1628 1068)
4(1066 1068 1025 1023)
4(1625 1577 1580 1628)
4(1070 1630 1584 1027)
4(1068 1628 1630 1070)
4(1068 1070 1027 1025)
4(1628 1580 1584 1630)
4(1075 1633 1588 1029)
4(1070 1630 1633 1075)
4(1070 1075 1029 1027)
4(1630 1584 1588 1633)
4(1078 1635 1592 1034)
4(1075 1633 1635 1078)
4(1075 1078 1034 1029)
4(1633 1588 1592 1635)
4(1080 1638 1596 1037)
4(1078 1635 1638 1080)
4(1078 1080 1037 1034)
4(1635 1592 1596 1638)
4(1083 1640 1599 1040)
4(1080 1638 1640 1083)
4(1080 1083 1040 1037)
4(1638 1596 1599 1640)
4(1086 1642 1602 1043)
4(1083 1640 1642 1086)
4(1083 1086 1043 1040)
4(1640 1599 1602 1642)
4(721 1644 1605 718)
4(1086 1642 1644 721)
4(1086 721 718 1043)
4(1642 1602 1605 1644)
4(720 1646 1608 717)
4(721 1644 1646 720)
4(721 720 717 718)
4(1644 1605 1608 1646)
4(1219 1648 1610 1191)
4(720 1646 1648 1219)
4(720 1219 1191 717)
4(1646 1608 1610 1648)
4(1223 1650 1612 1194)
4(1219 1648 1650 1223)
4(1219 1223 1194 1191)
4(1648 1610 1612 1650)
4(1227 1652 1614 1199)
4(1223 1650 1652 1227)
4(1223 1227 1199 1194)
4(1650 1612 1614 1652)
4(1231 1654 1616 1203)
4(1227 1652 1654 1231)
4(1227 1231 1203 1199)
4(1652 1614 1616 1654)
4(1231 1654 1669 1236)
4(1231 1236 1215 1203)
4(1654 1616 1620 1669)
4(1096 1656 1618 1059)
4(1096 1114 1674 1656)
4(1096 1059 1074 1114)
4(1656 1674 1627 1618)
4(1103 1658 1621 1063)
4(1096 1656 1658 1103)
4(1096 1103 1063 1059)
4(1656 1618 1621 1658)
4(1107 1660 1623 1065)
4(1103 1658 1660 1107)
4(1103 1107 1065 1063)
4(1658 1621 1623 1660)
4(1108 1662 1625 1066)
4(1107 1660 1662 1108)
4(1107 1108 1066 1065)
4(1660 1623 1625 1662)
4(1110 1664 1628 1068)
4(1108 1662 1664 1110)
4(1108 1110 1068 1066)
4(1662 1625 1628 1664)
4(1112 1666 1630 1070)
4(1110 1664 1666 1112)
4(1110 1112 1070 1068)
4(1664 1628 1630 1666)
4(1115 1670 1633 1075)
4(1112 1666 1670 1115)
4(1112 1115 1075 1070)
4(1666 1630 1633 1670)
4(1117 1672 1635 1078)
4(1115 1670 1672 1117)
4(1115 1117 1078 1075)
4(1670 1633 1635 1672)
4(1120 1676 1638 1080)
4(1117 1672 1676 1120)
4(1117 1120 1080 1078)
4(1672 1635 1638 1676)
4(1124 1678 1640 1083)
4(1120 1676 1678 1124)
4(1120 1124 1083 1080)
4(1676 1638 1640 1678)
4(1128 1680 1642 1086)
4(1124 1678 1680 1128)
4(1124 1128 1086 1083)
4(1678 1640 1642 1680)
4(724 1682 1644 721)
4(1128 1680 1682 724)
4(1128 724 721 1086)
4(1680 1642 1644 1682)
4(723 1684 1646 720)
4(724 1682 1684 723)
4(724 723 720 721)
4(1682 1644 1646 1684)
4(1240 1686 1648 1219)
4(723 1684 1686 1240)
4(723 1240 1219 720)
4(1684 1646 1648 1686)
4(1243 1688 1650 1223)
4(1240 1686 1688 1243)
4(1240 1243 1223 1219)
4(1686 1648 1650 1688)
4(1246 1690 1652 1227)
4(1243 1688 1690 1246)
4(1243 1246 1227 1223)
4(1688 1650 1652 1690)
4(1250 1692 1654 1231)
4(1246 1690 1692 1250)
4(1246 1250 1231 1227)
4(1690 1652 1654 1692)
4(1250 1692 1707 1259)
4(1250 1259 1236 1231)
4(1692 1654 1669 1707)
4(1146 1694 1656 1096)
4(1146 1167 1712 1694)
4(1146 1096 1114 1167)
4(1694 1712 1674 1656)
4(1153 1696 1658 1103)
4(1146 1694 1696 1153)
4(1146 1153 1103 1096)
4(1694 1656 1658 1696)
4(1157 1698 1660 1107)
4(1153 1696 1698 1157)
4(1153 1157 1107 1103)
4(1696 1658 1660 1698)
4(1158 1700 1662 1108)
4(1157 1698 1700 1158)
4(1157 1158 1108 1107)
4(1698 1660 1662 1700)
4(1160 1702 1664 1110)
4(1158 1700 1702 1160)
4(1158 1160 1110 1108)
4(1700 1662 1664 1702)
4(1163 1704 1666 1112)
4(1160 1702 1704 1163)
4(1160 1163 1112 1110)
4(1702 1664 1666 1704)
4(1168 1708 1670 1115)
4(1163 1704 1708 1168)
4(1163 1168 1115 1112)
4(1704 1666 1670 1708)
4(1170 1710 1672 1117)
4(1168 1708 1710 1170)
4(1168 1170 1117 1115)
4(1708 1670 1672 1710)
4(1173 1714 1676 1120)
4(1170 1710 1714 1173)
4(1170 1173 1120 1117)
4(1710 1672 1676 1714)
4(1177 1716 1678 1124)
4(1173 1714 1716 1177)
4(1173 1177 1124 1120)
4(1714 1676 1678 1716)
4(1180 1718 1680 1128)
4(1177 1716 1718 1180)
4(1177 1180 1128 1124)
4(1716 1678 1680 1718)
4(727 1720 1682 724)
4(1180 1718 1720 727)
4(1180 727 724 1128)
4(1718 1680 1682 1720)
4(726 1722 1684 723)
4(727 1720 1722 726)
4(727 726 723 724)
4(1720 1682 1684 1722)
4(1262 1724 1686 1240)
4(726 1722 1724 1262)
4(726 1262 1240 723)
4(1722 1684 1686 1724)
4(1265 1726 1688 1243)
4(1262 1724 1726 1265)
4(1262 1265 1243 1240)
4(1724 1686 1688 1726)
4(1268 1728 1690 1246)
4(1265 1726 1728 1268)
4(1265 1268 1246 1243)
4(1726 1688 1690 1728)
4(1272 1730 1692 1250)
4(1268 1728 1730 1272)
4(1268 1272 1250 1246)
4(1728 1690 1692 1730)
4(1272 1730 1745 1281)
4(1272 1281 1259 1250)
4(1730 1692 1707 1745)
4(1186 1732 1694 1146)
4(1186 1146 1167 1211)
4(1732 1750 1712 1694)
4(1196 1734 1696 1153)
4(1186 1196 1153 1146)
4(1732 1694 1696 1734)
4(1200 1736 1698 1157)
4(1196 1200 1157 1153)
4(1734 1696 1698 1736)
4(1204 1738 1700 1158)
4(1200 1204 1158 1157)
4(1736 1698 1700 1738)
4(1206 1740 1702 1160)
4(1204 1206 1160 1158)
4(1738 1700 1702 1740)
4(1209 1742 1704 1163)
4(1206 1209 1163 1160)
4(1740 1702 1704 1742)
4(1212 1746 1708 1168)
4(1209 1212 1168 1163)
4(1742 1704 1708 1746)
4(1217 1748 1710 1170)
4(1212 1217 1170 1168)
4(1746 1708 1710 1748)
4(1221 1752 1714 1173)
4(1217 1221 1173 1170)
4(1748 1710 1714 1752)
4(1225 1754 1716 1177)
4(1221 1225 1177 1173)
4(1752 1714 1716 1754)
4(1229 1756 1718 1180)
4(1225 1229 1180 1177)
4(1754 1716 1718 1756)
4(730 1758 1720 727)
4(1229 730 727 1180)
4(1756 1718 1720 1758)
4(729 1760 1722 726)
4(730 729 726 727)
4(1758 1720 1722 1760)
4(1283 1762 1724 1262)
4(729 1283 1262 726)
4(1760 1722 1724 1762)
4(1287 1764 1726 1265)
4(1283 1287 1265 1262)
4(1762 1724 1726 1764)
4(1289 1766 1728 1268)
4(1287 1289 1268 1265)
4(1764 1726 1728 1766)
4(1293 1768 1730 1272)
4(1289 1293 1272 1268)
4(1766 1728 1730 1768)
4(1293 1302 1281 1272)
4(1768 1730 1745 1771)
4(1186 1146 178 191)
4(1146 1167 179 178)
4(1196 1153 180 193)
4(1146 178 180 1153)
4(1200 1157 181 194)
4(1153 180 181 1157)
4(1204 1158 182 195)
4(1157 181 182 1158)
4(1206 1160 183 196)
4(1158 182 183 1160)
4(1209 1163 184 197)
4(1160 183 184 1163)
4(1212 1168 185 198)
4(1163 184 185 1168)
4(1217 1170 186 199)
4(1168 185 186 1170)
4(1221 1173 187 200)
4(1170 186 187 1173)
4(1225 1177 188 201)
4(1173 187 188 1177)
4(1229 1180 189 202)
4(1177 188 189 1180)
4(730 727 190 203)
4(1180 189 190 727)
4(729 726 725 728)
4(727 190 725 726)
4(1283 1262 1261 1282)
4(726 725 1261 1262)
4(1287 1265 1264 1286)
4(1262 1261 1264 1265)
4(1289 1268 1267 1288)
4(1265 1264 1267 1268)
4(1293 1272 1271 1292)
4(1268 1267 1271 1272)
4(1272 1271 1280 1281)
4(1146 1096 165 178)
4(1096 1114 166 165)
4(1153 1103 167 180)
4(1096 165 167 1103)
4(1157 1107 168 181)
4(1103 167 168 1107)
4(1158 1108 169 182)
4(1107 168 169 1108)
4(1160 1110 170 183)
4(1108 169 170 1110)
4(1163 1112 171 184)
4(1110 170 171 1112)
4(1168 1115 172 185)
4(1112 171 172 1115)
4(1170 1117 173 186)
4(1115 172 173 1117)
4(1173 1120 174 187)
4(1117 173 174 1120)
4(1177 1124 175 188)
4(1120 174 175 1124)
4(1180 1128 176 189)
4(1124 175 176 1128)
4(727 724 177 190)
4(1128 176 177 724)
4(726 723 722 725)
4(724 177 722 723)
4(1262 1240 1239 1261)
4(723 722 1239 1240)
4(1265 1243 1242 1264)
4(1240 1239 1242 1243)
4(1268 1246 1245 1267)
4(1243 1242 1245 1246)
4(1272 1250 1249 1271)
4(1246 1245 1249 1250)
4(1250 1249 1258 1259)
4(1096 1059 152 165)
4(1059 1074 153 152)
4(1103 1063 154 167)
4(1059 152 154 1063)
4(1107 1065 155 168)
4(1063 154 155 1065)
4(1108 1066 156 169)
4(1065 155 156 1066)
4(1110 1068 157 170)
4(1066 156 157 1068)
4(1112 1070 158 171)
4(1068 157 158 1070)
4(1115 1075 159 172)
4(1070 158 159 1075)
4(1117 1078 160 173)
4(1075 159 160 1078)
4(1120 1080 161 174)
4(1078 160 161 1080)
4(1124 1083 162 175)
4(1080 161 162 1083)
4(1128 1086 163 176)
4(1083 162 163 1086)
4(724 721 164 177)
4(1086 163 164 721)
4(723 720 719 722)
4(721 164 719 720)
4(1240 1219 1218 1239)
4(720 719 1218 1219)
4(1243 1223 1222 1242)
4(1219 1218 1222 1223)
4(1246 1227 1226 1245)
4(1223 1222 1226 1227)
4(1250 1231 1230 1249)
4(1227 1226 1230 1231)
4(1231 1230 1235 1236)
4(1059 1006 139 152)
4(1006 1035 140 139)
4(1063 1013 141 154)
4(1006 139 141 1013)
4(1065 1019 142 155)
4(1013 141 142 1019)
4(1066 1023 143 156)
4(1019 142 143 1023)
4(1068 1025 144 157)
4(1023 143 144 1025)
4(1070 1027 145 158)
4(1025 144 145 1027)
4(1075 1029 146 159)
4(1027 145 146 1029)
4(1078 1034 147 160)
4(1029 146 147 1034)
4(1080 1037 148 161)
4(1034 147 148 1037)
4(1083 1040 149 162)
4(1037 148 149 1040)
4(1086 1043 150 163)
4(1040 149 150 1043)
4(721 718 151 164)
4(1043 150 151 718)
4(720 717 716 719)
4(718 151 716 717)
4(1219 1191 1190 1218)
4(717 716 1190 1191)
4(1223 1194 1193 1222)
4(1191 1190 1193 1194)
4(1227 1199 1198 1226)
4(1194 1193 1198 1199)
4(1231 1203 1202 1230)
4(1199 1198 1202 1203)
4(1203 1202 1214 1215)
4(1006 971 126 139)
4(971 976 127 126)
4(1013 972 128 141)
4(971 126 128 972)
4(1019 973 129 142)
4(972 128 129 973)
4(1023 974 130 143)
4(973 129 130 974)
4(1025 975 131 144)
4(974 130 131 975)
4(1027 977 132 145)
4(975 131 132 977)
4(1029 978 133 146)
4(977 132 133 978)
4(1034 981 134 147)
4(978 133 134 981)
4(1037 986 135 148)
4(981 134 135 986)
4(1040 989 136 149)
4(986 135 136 989)
4(1043 990 137 150)
4(989 136 137 990)
4(718 715 138 151)
4(990 137 138 715)
4(717 714 713 716)
4(715 138 713 714)
4(1191 1172 1171 1190)
4(714 713 1171 1172)
4(1194 1176 1175 1193)
4(1172 1171 1175 1176)
4(1199 1179 1178 1198)
4(1176 1175 1178 1179)
4(1203 1183 1182 1202)
4(1179 1178 1182 1183)
4(1183 1182 1188 1189)
4(971 876 113 126)
4(876 965 114 113)
4(972 880 115 128)
4(876 113 115 880)
4(973 883 116 129)
4(880 115 116 883)
4(974 886 117 130)
4(883 116 117 886)
4(975 889 118 131)
4(886 117 118 889)
4(977 892 119 132)
4(889 118 119 892)
4(978 895 120 133)
4(892 119 120 895)
4(981 898 121 134)
4(895 120 121 898)
4(986 901 122 135)
4(898 121 122 901)
4(989 905 123 136)
4(901 122 123 905)
4(990 908 124 137)
4(905 123 124 908)
4(715 712 125 138)
4(908 124 125 712)
4(714 711 710 713)
4(712 125 710 711)
4(1172 918 1145 1171)
4(711 710 1145 918)
4(1176 923 1149 1175)
4(918 1145 1149 923)
4(1179 927 1150 1178)
4(923 1149 1150 927)
4(1183 931 1154 1182)
4(927 1150 1154 931)
4(931 1154 1164 1165)
4(876 949 100 113)
4(949 957 101 100)
4(880 950 102 115)
4(949 100 102 950)
4(883 951 103 116)
4(950 102 103 951)
4(886 952 104 117)
4(951 103 104 952)
4(889 953 105 118)
4(952 104 105 953)
4(892 954 106 119)
4(953 105 106 954)
4(895 955 107 120)
4(954 106 107 955)
4(898 956 108 121)
4(955 107 108 956)
4(901 958 109 122)
4(956 108 109 958)
4(905 959 110 123)
4(958 109 110 959)
4(908 960 111 124)
4(959 110 111 960)
4(712 709 112 125)
4(960 111 112 709)
4(711 708 707 710)
4(709 112 707 708)
4(918 1123 1122 1145)
4(708 707 1122 1123)
4(923 1126 1125 1149)
4(1123 1122 1125 1126)
4(927 1130 1129 1150)
4(1126 1125 1129 1130)
4(931 1134 1133 1154)
4(1130 1129 1133 1134)
4(1134 1133 1141 1142)
4(949 937 87 100)
4(937 942 88 87)
4(950 938 89 102)
4(937 87 89 938)
4(951 939 90 103)
4(938 89 90 939)
4(952 940 91 104)
4(939 90 91 940)
4(953 941 92 105)
4(940 91 92 941)
4(954 943 93 106)
4(941 92 93 943)
4(955 944 94 107)
4(943 93 94 944)
4(956 945 95 108)
4(944 94 95 945)
4(958 946 96 109)
4(945 95 96 946)
4(959 947 97 110)
4(946 96 97 947)
4(960 948 98 111)
4(947 97 98 948)
4(709 706 99 112)
4(948 98 99 706)
4(708 705 704 707)
4(706 99 704 705)
4(1123 1095 1094 1122)
4(705 704 1094 1095)
4(1126 1099 1098 1125)
4(1095 1094 1098 1099)
4(1130 1102 1101 1129)
4(1099 1098 1101 1102)
4(1134 1105 1104 1133)
4(1102 1101 1104 1105)
4(1105 1104 1118 1119)
4(937 791 74 87)
4(791 936 75 74)
4(938 794 76 89)
4(791 74 76 794)
4(939 797 77 90)
4(794 76 77 797)
4(940 800 78 91)
4(797 77 78 800)
4(941 803 79 92)
4(800 78 79 803)
4(943 806 80 93)
4(803 79 80 806)
4(944 810 81 94)
4(806 80 81 810)
4(945 814 82 95)
4(810 81 82 814)
4(946 818 83 96)
4(814 82 83 818)
4(947 822 84 97)
4(818 83 84 822)
4(948 826 85 98)
4(822 84 85 826)
4(706 703 86 99)
4(826 85 86 703)
4(705 702 701 704)
4(703 86 701 702)
4(1095 838 1076 1094)
4(702 701 1076 838)
4(1099 842 1079 1098)
4(838 1076 1079 842)
4(1102 846 1082 1101)
4(842 1079 1082 846)
4(1105 849 1085 1104)
4(846 1082 1085 849)
4(849 1085 1090 1091)
4(791 902 61 74)
4(902 920 62 61)
4(794 909 63 76)
4(902 61 63 909)
4(797 912 64 77)
4(909 63 64 912)
4(800 915 65 78)
4(912 64 65 915)
4(803 919 66 79)
4(915 65 66 919)
4(806 924 67 80)
4(919 66 67 924)
4(810 928 68 81)
4(924 67 68 928)
4(814 932 69 82)
4(928 68 69 932)
4(818 933 70 83)
4(932 69 70 933)
4(822 934 71 84)
4(933 70 71 934)
4(826 935 72 85)
4(934 71 72 935)
4(703 700 73 86)
4(935 72 73 700)
4(702 699 698 701)
4(700 73 698 699)
4(838 1051 1050 1076)
4(699 698 1050 1051)
4(842 1054 1053 1079)
4(1051 1050 1053 1054)
4(846 1058 1057 1082)
4(1054 1053 1057 1058)
4(849 1061 1060 1085)
4(1058 1057 1060 1061)
4(1061 1060 1072 1073)
4(902 733 48 61)
4(733 877 49 48)
4(909 736 50 63)
4(733 48 50 736)
4(912 739 51 64)
4(736 50 51 739)
4(915 742 52 65)
4(739 51 52 742)
4(919 745 53 66)
4(742 52 53 745)
4(924 748 54 67)
4(745 53 54 748)
4(928 751 55 68)
4(748 54 55 751)
4(932 754 56 69)
4(751 55 56 754)
4(933 757 57 70)
4(754 56 57 757)
4(934 760 58 71)
4(757 57 58 760)
4(935 763 59 72)
4(760 58 59 763)
4(700 697 60 73)
4(763 59 60 697)
4(699 696 695 698)
4(697 60 695 696)
4(1051 770 1032 1050)
4(696 695 1032 770)
4(1054 773 1036 1053)
4(770 1032 1036 773)
4(1058 776 1039 1057)
4(773 1036 1039 776)
4(1061 779 1041 1060)
4(776 1039 1041 779)
4(779 1041 1046 1047)
4(733 862 35 48)
4(862 868 36 35)
4(736 863 37 50)
4(862 35 37 863)
4(739 864 38 51)
4(863 37 38 864)
4(742 865 39 52)
4(864 38 39 865)
4(745 866 40 53)
4(865 39 40 866)
4(748 867 41 54)
4(866 40 41 867)
4(751 869 42 55)
4(867 41 42 869)
4(754 870 43 56)
4(869 42 43 870)
4(757 871 44 57)
4(870 43 44 871)
4(760 872 45 58)
4(871 44 45 872)
4(763 873 46 59)
4(872 45 46 873)
4(697 694 47 60)
4(873 46 47 694)
4(696 693 692 695)
4(694 47 692 693)
4(770 1012 1011 1032)
4(693 692 1011 1012)
4(773 1015 1014 1036)
4(1012 1011 1014 1015)
4(776 1018 1017 1039)
4(1015 1014 1017 1018)
4(779 1022 1021 1041)
4(1018 1017 1021 1022)
4(1022 1021 1030 1031)
4(862 850 22 35)
4(850 856 23 22)
4(863 851 24 37)
4(850 22 24 851)
4(864 852 25 38)
4(851 24 25 852)
4(865 853 26 39)
4(852 25 26 853)
4(866 854 27 40)
4(853 26 27 854)
4(867 855 28 41)
4(854 27 28 855)
4(869 857 29 42)
4(855 28 29 857)
4(870 858 30 43)
4(857 29 30 858)
4(871 859 31 44)
4(858 30 31 859)
4(872 860 32 45)
4(859 31 32 860)
4(873 861 33 46)
4(860 32 33 861)
4(694 691 34 47)
4(861 33 34 691)
4(693 690 689 692)
4(691 34 689 690)
4(1012 995 994 1011)
4(690 689 994 995)
4(1015 997 996 1014)
4(995 994 996 997)
4(1018 1001 1000 1017)
4(997 996 1000 1001)
4(1022 1003 1002 1021)
4(1001 1000 1002 1003)
4(1003 1002 1008 1009)
4(850 807 9 22)
4(807 828 10 9)
4(851 811 11 24)
4(807 9 11 811)
4(852 815 12 25)
4(811 11 12 815)
4(853 819 13 26)
4(815 12 13 819)
4(854 823 14 27)
4(819 13 14 823)
4(855 827 15 28)
4(823 14 15 827)
4(857 829 16 29)
4(827 15 16 829)
4(858 832 17 30)
4(829 16 17 832)
4(859 835 18 31)
4(860 839 19 32)
4(861 843 20 33)
4(691 688 21 34)
4(690 687 686 689)
4(995 980 979 994)
4(997 983 982 996)
4(1001 985 984 1000)
4(1003 988 987 1002)
4(807 780 0 9)
4(811 781 2 11)
4(815 782 3 12)
4(819 783 4 13)
4(823 784 5 14)
4(827 785 6 15)
4(829 786 7 16)
4(961 993 1184 1131)
4(993 998 1207 1184)
4(963 999 1185 1136)
4(993 1184 1185 999)
4(964 1004 1187 1138)
4(999 1185 1187 1004)
4(966 1005 1192 1140)
4(1004 1187 1192 1005)
4(967 1007 1195 1144)
4(1005 1192 1195 1007)
4(968 1010 1197 1147)
4(1007 1195 1197 1010)
4(969 1016 1201 1151)
4(1010 1197 1201 1016)
4(1016 1201 1205 1020)
4(993 1052 1234 1184)
4(1052 1055 1255 1234)
4(999 1056 1238 1185)
4(1052 1234 1238 1056)
4(1004 1062 1241 1187)
4(1056 1238 1241 1062)
4(1005 1064 1244 1192)
4(1062 1241 1244 1064)
4(1007 1067 1248 1195)
4(1064 1244 1248 1067)
4(1010 1069 1251 1197)
4(1067 1248 1251 1069)
4(1016 1071 1253 1201)
4(1069 1251 1253 1071)
4(1020 1077 1254 1205)
4(1071 1253 1254 1077)
4(1024 1081 1257 1208)
4(1077 1254 1257 1081)
4(1026 1084 1260 1210)
4(1081 1257 1260 1084)
4(1028 1087 1263 1213)
4(1084 1260 1263 1087)
4(1033 1088 1266 1216)
4(1087 1263 1266 1088)
4(1038 1089 1270 1220)
4(1088 1266 1270 1089)
4(1042 1092 1273 1224)
4(1089 1270 1273 1092)
4(1044 1093 1275 1228)
4(1092 1273 1275 1093)
4(1045 1097 1277 1232)
4(1093 1275 1277 1097)
4(1048 1100 1279 1233)
4(1097 1277 1279 1100)
4(1100 1279 1300 1106)
4(1052 1109 1285 1234)
4(1109 1111 1306 1285)
4(1056 1113 1291 1238)
4(1109 1285 1291 1113)
4(1062 1116 1294 1241)
4(1113 1291 1294 1116)
4(1064 1121 1296 1244)
4(1116 1294 1296 1121)
4(1067 1127 1297 1248)
4(1121 1296 1297 1127)
4(1069 1132 1299 1251)
4(1127 1297 1299 1132)
4(1071 1135 1303 1253)
4(1132 1299 1303 1135)
4(1077 1137 1305 1254)
4(1135 1303 1305 1137)
4(1081 1139 1307 1257)
4(1137 1305 1307 1139)
4(1084 1143 1309 1260)
4(1139 1307 1309 1143)
4(1087 1148 1310 1263)
4(1143 1309 1310 1148)
4(1088 1152 1312 1266)
4(1148 1310 1312 1152)
4(1089 1156 1313 1270)
4(1152 1312 1313 1156)
4(1092 1159 1315 1273)
4(1156 1313 1315 1159)
4(1093 1161 1316 1275)
4(1159 1315 1316 1161)
4(1097 1166 1318 1277)
4(1161 1316 1318 1166)
4(1100 1169 1319 1279)
4(1166 1318 1319 1169)
4(1169 1319 1332 1174)
4(1109 732 1322 1285)
4(732 1181 1335 1322)
4(1113 735 1324 1291)
4(732 1322 1324 735)
4(1116 738 1327 1294)
4(735 1324 1327 738)
4(1121 741 1328 1296)
4(738 1327 1328 741)
4(1127 744 1330 1297)
4(741 1328 1330 744)
4(1132 747 1331 1299)
4(744 1330 1331 747)
4(1135 750 1333 1303)
4(747 1331 1333 750)
4(1137 753 1334 1305)
4(750 1333 1334 753)
4(1139 756 1336 1307)
4(753 1334 1336 756)
4(1143 759 1337 1309)
4(756 1336 1337 759)
4(1148 762 1338 1310)
4(759 1337 1338 762)
4(1152 765 1339 1312)
4(762 1338 1339 765)
4(1156 767 1340 1313)
4(765 1339 1340 767)
4(1159 769 1342 1315)
4(767 1340 1342 769)
4(1161 772 1343 1316)
4(769 1342 1343 772)
4(1166 775 1344 1318)
4(772 1343 1344 775)
4(1169 778 1345 1319)
4(775 1344 1345 778)
4(778 1345 1351 1237)
4(732 731 1346 1322)
4(731 1247 1354 1346)
4(732 1181 1247 731)
4(735 734 1347 1324)
4(731 1346 1347 734)
4(732 731 734 735)
4(738 737 1348 1327)
4(734 1347 1348 737)
4(735 734 737 738)
4(741 740 1349 1328)
4(737 1348 1349 740)
4(738 737 740 741)
4(744 743 1350 1330)
4(740 1349 1350 743)
4(741 740 743 744)
4(747 746 1352 1331)
4(743 1350 1352 746)
4(744 743 746 747)
4(750 749 1353 1333)
4(746 1352 1353 749)
4(747 746 749 750)
4(753 752 1355 1334)
4(749 1353 1355 752)
4(750 749 752 753)
4(756 755 1356 1336)
4(752 1355 1356 755)
4(753 752 755 756)
4(759 758 1357 1337)
4(755 1356 1357 758)
4(756 755 758 759)
4(762 761 1359 1338)
4(758 1357 1359 761)
4(759 758 761 762)
4(765 764 1361 1339)
4(761 1359 1361 764)
4(762 761 764 765)
4(767 766 1362 1340)
4(764 1361 1362 766)
4(765 764 766 767)
4(769 768 1364 1342)
4(766 1362 1364 768)
4(767 766 768 769)
4(772 771 1366 1343)
4(768 1364 1366 771)
4(769 768 771 772)
4(775 774 1369 1344)
4(771 1366 1369 774)
4(772 771 774 775)
4(778 777 1371 1345)
4(774 1369 1371 777)
4(775 774 777 778)
4(777 1371 1388 1320)
4(778 777 1320 1237)
4(731 1256 1360 1346)
4(1256 1276 1367 1360)
4(734 1269 1365 1347)
4(1256 1360 1365 1269)
4(737 1274 1368 1348)
4(1269 1365 1368 1274)
4(740 1278 1370 1349)
4(1274 1368 1370 1278)
4(743 1284 1373 1350)
4(1278 1370 1373 1284)
4(746 1290 1374 1352)
4(1284 1373 1374 1290)
4(749 1295 1375 1353)
4(1290 1374 1375 1295)
4(752 1298 1377 1355)
4(1295 1375 1377 1298)
4(755 1304 1378 1356)
4(1298 1377 1378 1304)
4(758 1308 1380 1357)
4(1304 1378 1380 1308)
4(761 1311 1383 1359)
4(1308 1380 1383 1311)
4(764 1314 1384 1361)
4(1311 1383 1384 1314)
4(766 1317 1387 1362)
4(1314 1384 1387 1317)
4(768 1321 1389 1364)
4(1317 1387 1389 1321)
4(771 1323 1392 1366)
4(1321 1389 1392 1323)
4(774 1326 1395 1369)
4(1323 1392 1395 1326)
4(777 1329 1397 1371)
4(1326 1395 1397 1329)
4(1329 1397 1403 1341)
4(1256 790 1386 1360)
4(790 1325 1407 1386)
4(1269 793 1391 1365)
4(790 1386 1391 793)
4(1274 796 1393 1368)
4(793 1391 1393 796)
4(1278 799 1396 1370)
4(796 1393 1396 799)
4(1284 802 1398 1373)
4(799 1396 1398 802)
4(1290 805 1400 1374)
4(802 1398 1400 805)
4(1295 809 1402 1375)
4(805 1400 1402 809)
4(1298 813 1404 1377)
4(809 1402 1404 813)
4(1304 817 1406 1378)
4(813 1404 1406 817)
4(1308 821 1408 1380)
4(817 1406 1408 821)
4(1311 825 1410 1383)
4(821 1408 1410 825)
4(1314 831 1411 1384)
4(825 1410 1411 831)
4(1317 834 1413 1387)
4(831 1411 1413 834)
4(1321 837 1415 1389)
4(834 1413 1415 837)
4(1323 841 1416 1392)
4(837 1415 1416 841)
4(1326 845 1419 1395)
4(841 1416 1419 845)
4(1329 848 1420 1397)
4(845 1419 1420 848)
4(848 1420 1435 1358)
4(790 789 1424 1386)
4(789 1363 1439 1424)
4(790 1325 1363 789)
4(793 792 1428 1391)
4(789 1424 1428 792)
4(790 789 792 793)
4(796 795 1430 1393)
4(792 1428 1430 795)
4(793 792 795 796)
4(799 798 1432 1396)
4(795 1430 1432 798)
4(796 795 798 799)
4(802 801 1433 1398)
4(798 1432 1433 801)
4(799 798 801 802)
4(805 804 1436 1400)
4(801 1433 1436 804)
4(802 801 804 805)
4(809 808 1438 1402)
4(804 1436 1438 808)
4(805 804 808 809)
4(813 812 1440 1404)
4(808 1438 1440 812)
4(809 808 812 813)
4(817 816 1442 1406)
4(812 1440 1442 816)
4(813 812 816 817)
4(821 820 1445 1408)
4(816 1442 1445 820)
4(817 816 820 821)
4(825 824 1446 1410)
4(820 1445 1446 824)
4(821 820 824 825)
4(831 830 1449 1411)
4(824 1446 1449 830)
4(825 824 830 831)
4(834 833 1451 1413)
4(830 1449 1451 833)
4(831 830 833 834)
4(837 836 1452 1415)
4(833 1451 1452 836)
4(834 833 836 837)
4(841 840 1455 1416)
4(836 1452 1455 840)
4(837 836 840 841)
4(845 844 1459 1419)
4(840 1455 1459 844)
4(841 840 844 845)
4(848 847 1461 1420)
4(844 1459 1461 847)
4(845 844 847 848)
4(847 1461 1478 1417)
4(848 847 1417 1358)
4(789 1372 1448 1424)
4(1372 1381 1456 1448)
4(792 1376 1454 1428)
4(1372 1448 1454 1376)
4(795 1379 1457 1430)
4(1376 1454 1457 1379)
4(798 1382 1460 1432)
4(1379 1457 1460 1382)
4(801 1385 1463 1433)
4(1382 1460 1463 1385)
4(804 1390 1465 1436)
4(1385 1463 1465 1390)
4(808 1394 1466 1438)
4(1390 1465 1466 1394)
4(812 1399 1468 1440)
4(1394 1466 1468 1399)
4(816 1401 1470 1442)
4(1399 1468 1470 1401)
4(820 1405 1472 1445)
4(1401 1470 1472 1405)
4(824 1409 1473 1446)
4(1405 1472 1473 1409)
4(830 1412 1475 1449)
4(1409 1473 1475 1412)
4(833 1414 1477 1451)
4(1412 1475 1477 1414)
4(836 1418 1480 1452)
4(1414 1477 1480 1418)
4(840 1422 1482 1455)
4(1418 1480 1482 1422)
4(844 1425 1484 1459)
4(1422 1482 1484 1425)
4(847 1427 1486 1461)
4(1425 1484 1486 1427)
4(1427 1486 1490 1443)
4(1372 1421 1476 1448)
4(1421 1423 1493 1476)
4(1376 1426 1481 1454)
4(1421 1476 1481 1426)
4(1379 1429 1483 1457)
4(1426 1481 1483 1429)
4(1382 1431 1485 1460)
4(1429 1483 1485 1431)
4(1385 1434 1487 1463)
4(1431 1485 1487 1434)
4(1390 1437 1488 1465)
4(1434 1487 1488 1437)
4(1394 1441 1489 1466)
4(1437 1488 1489 1441)
4(1399 1444 1491 1468)
4(1441 1489 1491 1444)
4(1401 1447 1492 1470)
4(1444 1491 1492 1447)
4(1405 1450 1494 1472)
4(1447 1492 1494 1450)
4(1409 1453 1495 1473)
4(1450 1494 1495 1453)
4(1412 1458 1496 1475)
4(1453 1495 1496 1458)
4(1414 1462 1497 1477)
4(1458 1496 1497 1462)
4(1418 1464 1498 1480)
4(1462 1497 1498 1464)
4(1422 1467 1499 1482)
4(1464 1498 1499 1467)
4(1425 1469 1500 1484)
4(1467 1499 1500 1469)
4(1427 1471 1501 1486)
4(1469 1500 1501 1471)
4(1471 1501 1509 1474)
4(1421 875 1502 1476)
4(875 1479 1513 1502)
4(1426 879 1503 1481)
4(875 1502 1503 879)
4(1429 882 1504 1483)
4(879 1503 1504 882)
4(1431 885 1505 1485)
4(882 1504 1505 885)
4(1434 888 1507 1487)
4(885 1505 1507 888)
4(1437 891 1508 1488)
4(888 1507 1508 891)
4(1441 894 1510 1489)
4(891 1508 1510 894)
4(1444 897 1512 1491)
4(894 1510 1512 897)
4(1447 900 1514 1492)
4(897 1512 1514 900)
4(1450 904 1515 1494)
4(900 1514 1515 904)
4(1453 907 1516 1495)
4(904 1515 1516 907)
4(1458 911 1518 1496)
4(907 1516 1518 911)
4(1462 914 1519 1497)
4(911 1518 1519 914)
4(1464 917 1520 1498)
4(914 1519 1520 917)
4(1467 922 1521 1499)
4(917 1520 1521 922)
4(1469 926 1523 1500)
4(922 1521 1523 926)
4(1471 930 1524 1501)
4(926 1523 1524 930)
4(930 1524 1536 1506)
4(875 874 1527 1502)
4(874 1511 1540 1527)
4(875 1479 1511 874)
4(879 878 1529 1503)
4(874 1527 1529 878)
4(875 874 878 879)
4(882 881 1531 1504)
4(878 1529 1531 881)
4(879 878 881 882)
4(885 884 1533 1505)
4(881 1531 1533 884)
4(882 881 884 885)
4(888 887 1534 1507)
4(884 1533 1534 887)
4(885 884 887 888)
4(891 890 1537 1508)
4(887 1534 1537 890)
4(888 887 890 891)
4(894 893 1538 1510)
4(890 1537 1538 893)
4(891 890 893 894)
4(897 896 1541 1512)
4(893 1538 1541 896)
4(894 893 896 897)
4(900 899 1542 1514)
4(896 1541 1542 899)
4(897 896 899 900)
4(904 903 1544 1515)
4(899 1542 1544 903)
4(900 899 903 904)
4(907 906 1546 1516)
4(903 1544 1546 906)
4(904 903 906 907)
4(911 910 1548 1518)
4(906 1546 1548 910)
4(907 906 910 911)
4(914 913 1550 1519)
4(910 1548 1550 913)
4(911 910 913 914)
4(917 916 1551 1520)
4(913 1550 1551 916)
4(914 913 916 917)
4(922 921 1554 1521)
4(916 1551 1554 921)
4(917 916 921 922)
4(926 925 1557 1523)
4(921 1554 1557 925)
4(922 921 925 926)
4(930 929 1560 1524)
4(925 1557 1560 929)
4(926 925 929 930)
4(929 1560 1582 1561)
4(930 929 1561 1506)
4(874 1517 1547 1527)
4(1517 1526 1555 1547)
4(878 1522 1552 1529)
4(1517 1547 1552 1522)
4(881 1525 1556 1531)
4(1522 1552 1556 1525)
4(884 1528 1559 1533)
4(1525 1556 1559 1528)
4(887 1530 1562 1534)
4(1528 1559 1562 1530)
4(890 1532 1564 1537)
4(1530 1562 1564 1532)
4(893 1535 1567 1538)
4(1532 1564 1567 1535)
4(896 1539 1569 1541)
4(1535 1567 1569 1539)
4(899 1543 1572 1542)
4(1539 1569 1572 1543)
4(903 1545 1573 1544)
4(1543 1572 1573 1545)
4(906 1549 1576 1546)
4(1545 1573 1576 1549)
4(910 1553 1578 1548)
4(1549 1576 1578 1553)
4(913 1558 1581 1550)
4(1553 1578 1581 1558)
4(916 1563 1583 1551)
4(1558 1581 1583 1563)
4(921 1566 1586 1554)
4(1563 1583 1586 1566)
4(925 1570 1589 1557)
4(1566 1586 1589 1570)
4(929 1574 1593 1560)
4(1570 1589 1593 1574)
4(1574 1593 1598 1591)
4(1517 1565 1579 1547)
4(1565 1568 1603 1579)
4(1522 1571 1585 1552)
4(1565 1579 1585 1571)
4(1525 1575 1587 1556)
4(1571 1585 1587 1575)
4(1528 1577 1590 1559)
4(1575 1587 1590 1577)
4(1530 1580 1594 1562)
4(1577 1590 1594 1580)
4(1532 1584 1595 1564)
4(1580 1594 1595 1584)
4(1535 1588 1597 1567)
4(1584 1595 1597 1588)
4(1539 1592 1600 1569)
4(1588 1597 1600 1592)
4(1543 1596 1601 1572)
4(1592 1600 1601 1596)
4(1545 1599 1604 1573)
4(1596 1601 1604 1599)
4(1549 1602 1606 1576)
4(1599 1604 1606 1602)
4(1553 1605 1607 1578)
4(1602 1606 1607 1605)
4(1558 1608 1609 1581)
4(1605 1607 1609 1608)
4(1563 1610 1611 1583)
4(1608 1609 1611 1610)
4(1566 1612 1613 1586)
4(1610 1611 1613 1612)
4(1570 1614 1615 1589)
4(1612 1613 1615 1614)
4(1574 1616 1617 1593)
4(1614 1615 1617 1616)
4(1616 1617 1632 1620)
4(1565 1618 1619 1579)
4(1618 1627 1637 1619)
4(1571 1621 1622 1585)
4(1618 1619 1622 1621)
4(1575 1623 1624 1587)
4(1621 1622 1624 1623)
4(1577 1625 1626 1590)
4(1623 1624 1626 1625)
4(1580 1628 1629 1594)
4(1625 1626 1629 1628)
4(1584 1630 1631 1595)
4(1628 1629 1631 1630)
4(1588 1633 1634 1597)
4(1630 1631 1634 1633)
4(1592 1635 1636 1600)
4(1633 1634 1636 1635)
4(1596 1638 1639 1601)
4(1635 1636 1639 1638)
4(1599 1640 1641 1604)
4(1638 1639 1641 1640)
4(1602 1642 1643 1606)
4(1640 1641 1643 1642)
4(1605 1644 1645 1607)
4(1642 1643 1645 1644)
4(1608 1646 1647 1609)
4(1644 1645 1647 1646)
4(1610 1648 1649 1611)
4(1646 1647 1649 1648)
4(1612 1650 1651 1613)
4(1648 1649 1651 1650)
4(1614 1652 1653 1615)
4(1650 1651 1653 1652)
4(1616 1654 1655 1617)
4(1652 1653 1655 1654)
4(1654 1655 1668 1669)
4(1618 1656 1657 1619)
4(1656 1674 1675 1657)
4(1621 1658 1659 1622)
4(1656 1657 1659 1658)
4(1623 1660 1661 1624)
4(1658 1659 1661 1660)
4(1625 1662 1663 1626)
4(1660 1661 1663 1662)
4(1628 1664 1665 1629)
4(1662 1663 1665 1664)
4(1630 1666 1667 1631)
4(1664 1665 1667 1666)
4(1633 1670 1671 1634)
4(1666 1667 1671 1670)
4(1635 1672 1673 1636)
4(1670 1671 1673 1672)
4(1638 1676 1677 1639)
4(1672 1673 1677 1676)
4(1640 1678 1679 1641)
4(1676 1677 1679 1678)
4(1642 1680 1681 1643)
4(1678 1679 1681 1680)
4(1644 1682 1683 1645)
4(1680 1681 1683 1682)
4(1646 1684 1685 1647)
4(1682 1683 1685 1684)
4(1648 1686 1687 1649)
4(1684 1685 1687 1686)
4(1650 1688 1689 1651)
4(1686 1687 1689 1688)
4(1652 1690 1691 1653)
4(1688 1689 1691 1690)
4(1654 1692 1693 1655)
4(1690 1691 1693 1692)
4(1692 1693 1706 1707)
4(1656 1694 1695 1657)
4(1694 1712 1713 1695)
4(1658 1696 1697 1659)
4(1694 1695 1697 1696)
4(1660 1698 1699 1661)
4(1696 1697 1699 1698)
4(1662 1700 1701 1663)
4(1698 1699 1701 1700)
4(1664 1702 1703 1665)
4(1700 1701 1703 1702)
4(1666 1704 1705 1667)
4(1702 1703 1705 1704)
4(1670 1708 1709 1671)
4(1704 1705 1709 1708)
4(1672 1710 1711 1673)
4(1708 1709 1711 1710)
4(1676 1714 1715 1677)
4(1710 1711 1715 1714)
4(1678 1716 1717 1679)
4(1714 1715 1717 1716)
4(1680 1718 1719 1681)
4(1716 1717 1719 1718)
4(1682 1720 1721 1683)
4(1718 1719 1721 1720)
4(1684 1722 1723 1685)
4(1720 1721 1723 1722)
4(1686 1724 1725 1687)
4(1722 1723 1725 1724)
4(1688 1726 1727 1689)
4(1724 1725 1727 1726)
4(1690 1728 1729 1691)
4(1726 1727 1729 1728)
4(1692 1730 1731 1693)
4(1728 1729 1731 1730)
4(1730 1731 1744 1745)
4(1694 1732 1733 1695)
4(1696 1734 1735 1697)
4(1698 1736 1737 1699)
4(1700 1738 1739 1701)
4(1702 1740 1741 1703)
4(1704 1742 1743 1705)
4(1708 1746 1747 1709)
4(1710 1748 1749 1711)
4(1714 1752 1753 1715)
4(1716 1754 1755 1717)
4(1718 1756 1757 1719)
4(1720 1758 1759 1721)
4(1722 1760 1761 1723)
4(1724 1762 1763 1725)
4(1726 1764 1765 1727)
4(1728 1766 1767 1729)
4(1730 1768 1769 1731)
3(733 731 732)
3(736 734 735)
3(739 737 738)
3(742 740 741)
3(745 743 744)
3(748 746 747)
3(751 749 750)
3(754 752 753)
3(757 755 756)
3(760 758 759)
3(763 761 762)
3(697 764 765)
3(696 766 767)
3(770 768 769)
3(773 771 772)
3(776 774 775)
3(779 777 778)
3(791 789 790)
3(794 792 793)
3(797 795 796)
3(800 798 799)
3(803 801 802)
3(806 804 805)
3(810 808 809)
3(814 812 813)
3(818 816 817)
3(822 820 821)
3(826 824 825)
3(703 830 831)
3(702 833 834)
3(838 836 837)
3(842 840 841)
3(846 844 845)
3(849 847 848)
3(876 874 875)
3(880 878 879)
3(883 881 882)
3(886 884 885)
3(889 887 888)
3(892 890 891)
3(895 893 894)
3(898 896 897)
3(901 899 900)
3(905 903 904)
3(908 906 907)
3(712 910 911)
3(711 913 914)
3(918 916 917)
3(923 921 922)
3(927 925 926)
3(931 929 930)
4(657 639 640 675)
4(657 665 644 639)
4(665 669 648 644)
4(669 672 651 648)
4(672 676 654 651)
4(676 678 658 654)
4(678 680 662 658)
4(680 681 666 662)
4(681 682 670 666)
4(682 683 673 670)
4(683 684 677 673)
4(684 685 679 677)
4(639 632 633 640)
4(639 644 636 632)
4(644 648 641 636)
4(648 651 645 641)
4(651 654 649 645)
4(654 658 652 649)
4(658 662 655 652)
4(662 666 659 655)
4(666 670 663 659)
4(670 673 667 663)
4(673 677 671 667)
4(677 679 674 671)
4(632 626 629 633)
4(632 636 630 626)
4(636 641 635 630)
4(641 645 638 635)
4(645 649 643 638)
4(649 652 647 643)
4(652 655 650 647)
4(655 659 653 650)
4(659 663 656 653)
4(663 667 660 656)
4(667 671 664 660)
4(671 674 668 664)
4(626 609 623 629)
4(626 630 614 609)
4(630 635 617 614)
4(635 638 620 617)
4(638 643 624 620)
4(643 647 627 624)
4(647 650 631 627)
4(650 653 634 631)
4(653 656 637 634)
4(656 660 642 637)
4(660 664 646 642)
4(664 668 661 646)
4(609 589 592 623)
4(609 614 595 589)
4(614 617 600 595)
4(617 620 603 600)
4(620 624 606 603)
4(624 627 610 606)
4(627 631 611 610)
4(631 634 615 611)
4(634 637 618 615)
4(637 642 621 618)
4(642 646 625 621)
4(646 661 628 625)
4(589 575 584 592)
4(589 595 583 575)
4(595 600 588 583)
4(600 603 594 588)
4(603 606 598 594)
4(606 610 602 598)
4(610 611 605 602)
4(611 615 608 605)
4(615 618 612 608)
4(618 621 616 612)
4(621 625 619 616)
4(625 628 622 619)
4(575 565 567 584)
4(575 583 569 565)
4(583 588 574 569)
4(588 594 578 574)
4(594 598 581 578)
4(598 602 587 581)
4(602 605 593 587)
4(605 608 597 593)
4(608 612 601 597)
4(612 616 604 601)
4(616 619 607 604)
4(619 622 613 607)
4(565 560 561 567)
4(565 569 564 560)
4(569 574 568 564)
4(574 578 571 568)
4(578 581 572 571)
4(581 587 576 572)
4(587 593 579 576)
4(593 597 582 579)
4(597 601 585 582)
4(601 604 590 585)
4(604 607 596 590)
4(607 613 599 596)
4(560 551 557 561)
4(560 564 554 551)
4(564 568 556 554)
4(568 571 559 556)
4(571 572 563 559)
4(572 576 566 563)
4(576 579 570 566)
4(579 582 573 570)
4(582 585 577 573)
4(585 590 580 577)
4(590 596 586 580)
4(596 599 591 586)
4(551 548 547 557)
4(551 554 549 548)
4(554 556 550 549)
4(556 559 552 550)
4(559 563 553 552)
4(563 566 555 553)
4(566 570 558 555)
4(570 573 562 558)
4(1131 1184 1207 1162)
4(1131 1136 1185 1184)
4(1136 1138 1187 1185)
4(1138 1140 1192 1187)
4(1140 1144 1195 1192)
4(1144 1147 1197 1195)
4(1147 1151 1201 1197)
4(1151 1155 1205 1201)
4(1184 1234 1255 1207)
4(1184 1185 1238 1234)
4(1185 1187 1241 1238)
4(1187 1192 1244 1241)
4(1192 1195 1248 1244)
4(1195 1197 1251 1248)
4(1197 1201 1253 1251)
4(1201 1205 1254 1253)
4(1205 1208 1257 1254)
4(1208 1210 1260 1257)
4(1210 1213 1263 1260)
4(1213 1216 1266 1263)
4(1216 1220 1270 1266)
4(1220 1224 1273 1270)
4(1224 1228 1275 1273)
4(1228 1232 1277 1275)
4(1232 1233 1279 1277)
4(1233 1252 1300 1279)
4(1234 1285 1306 1255)
4(1234 1238 1291 1285)
4(1238 1241 1294 1291)
4(1241 1244 1296 1294)
4(1244 1248 1297 1296)
4(1248 1251 1299 1297)
4(1251 1253 1303 1299)
4(1253 1254 1305 1303)
4(1254 1257 1307 1305)
4(1257 1260 1309 1307)
4(1260 1263 1310 1309)
4(1263 1266 1312 1310)
4(1266 1270 1313 1312)
4(1270 1273 1315 1313)
4(1273 1275 1316 1315)
4(1275 1277 1318 1316)
4(1277 1279 1319 1318)
4(1279 1300 1332 1319)
4(1285 1322 1335 1306)
4(1285 1291 1324 1322)
4(1291 1294 1327 1324)
4(1294 1296 1328 1327)
4(1296 1297 1330 1328)
4(1297 1299 1331 1330)
4(1299 1303 1333 1331)
4(1303 1305 1334 1333)
4(1305 1307 1336 1334)
4(1307 1309 1337 1336)
4(1309 1310 1338 1337)
4(1310 1312 1339 1338)
4(1312 1313 1340 1339)
4(1313 1315 1342 1340)
4(1315 1316 1343 1342)
4(1316 1318 1344 1343)
4(1318 1319 1345 1344)
4(1319 1332 1351 1345)
4(1322 1346 1354 1335)
4(1322 1324 1347 1346)
4(1324 1327 1348 1347)
4(1327 1328 1349 1348)
4(1328 1330 1350 1349)
4(1330 1331 1352 1350)
4(1331 1333 1353 1352)
4(1333 1334 1355 1353)
4(1334 1336 1356 1355)
4(1336 1337 1357 1356)
4(1337 1338 1359 1357)
4(1338 1339 1361 1359)
4(1339 1340 1362 1361)
4(1340 1342 1364 1362)
4(1342 1343 1366 1364)
4(1343 1344 1369 1366)
4(1344 1345 1371 1369)
4(1345 1351 1388 1371)
4(1346 1360 1367 1354)
4(1346 1347 1365 1360)
4(1347 1348 1368 1365)
4(1348 1349 1370 1368)
4(1349 1350 1373 1370)
4(1350 1352 1374 1373)
4(1352 1353 1375 1374)
4(1353 1355 1377 1375)
4(1355 1356 1378 1377)
4(1356 1357 1380 1378)
4(1357 1359 1383 1380)
4(1359 1361 1384 1383)
4(1361 1362 1387 1384)
4(1362 1364 1389 1387)
4(1364 1366 1392 1389)
4(1366 1369 1395 1392)
4(1369 1371 1397 1395)
4(1371 1388 1403 1397)
4(1360 1386 1407 1367)
4(1360 1365 1391 1386)
4(1365 1368 1393 1391)
4(1368 1370 1396 1393)
4(1370 1373 1398 1396)
4(1373 1374 1400 1398)
4(1374 1375 1402 1400)
4(1375 1377 1404 1402)
4(1377 1378 1406 1404)
4(1378 1380 1408 1406)
4(1380 1383 1410 1408)
4(1383 1384 1411 1410)
4(1384 1387 1413 1411)
4(1387 1389 1415 1413)
4(1389 1392 1416 1415)
4(1392 1395 1419 1416)
4(1395 1397 1420 1419)
4(1397 1403 1435 1420)
4(1386 1424 1439 1407)
4(1386 1391 1428 1424)
4(1391 1393 1430 1428)
4(1393 1396 1432 1430)
4(1396 1398 1433 1432)
4(1398 1400 1436 1433)
4(1400 1402 1438 1436)
4(1402 1404 1440 1438)
4(1404 1406 1442 1440)
4(1406 1408 1445 1442)
4(1408 1410 1446 1445)
4(1410 1411 1449 1446)
4(1411 1413 1451 1449)
4(1413 1415 1452 1451)
4(1415 1416 1455 1452)
4(1416 1419 1459 1455)
4(1419 1420 1461 1459)
4(1420 1435 1478 1461)
4(1424 1448 1456 1439)
4(1424 1428 1454 1448)
4(1428 1430 1457 1454)
4(1430 1432 1460 1457)
4(1432 1433 1463 1460)
4(1433 1436 1465 1463)
4(1436 1438 1466 1465)
4(1438 1440 1468 1466)
4(1440 1442 1470 1468)
4(1442 1445 1472 1470)
4(1445 1446 1473 1472)
4(1446 1449 1475 1473)
4(1449 1451 1477 1475)
4(1451 1452 1480 1477)
4(1452 1455 1482 1480)
4(1455 1459 1484 1482)
4(1459 1461 1486 1484)
4(1461 1478 1490 1486)
4(1448 1476 1493 1456)
4(1448 1454 1481 1476)
4(1454 1457 1483 1481)
4(1457 1460 1485 1483)
4(1460 1463 1487 1485)
4(1463 1465 1488 1487)
4(1465 1466 1489 1488)
4(1466 1468 1491 1489)
4(1468 1470 1492 1491)
4(1470 1472 1494 1492)
4(1472 1473 1495 1494)
4(1473 1475 1496 1495)
4(1475 1477 1497 1496)
4(1477 1480 1498 1497)
4(1480 1482 1499 1498)
4(1482 1484 1500 1499)
4(1484 1486 1501 1500)
4(1486 1490 1509 1501)
4(1476 1502 1513 1493)
4(1476 1481 1503 1502)
4(1481 1483 1504 1503)
4(1483 1485 1505 1504)
4(1485 1487 1507 1505)
4(1487 1488 1508 1507)
4(1488 1489 1510 1508)
4(1489 1491 1512 1510)
4(1491 1492 1514 1512)
4(1492 1494 1515 1514)
4(1494 1495 1516 1515)
4(1495 1496 1518 1516)
4(1496 1497 1519 1518)
4(1497 1498 1520 1519)
4(1498 1499 1521 1520)
4(1499 1500 1523 1521)
4(1500 1501 1524 1523)
4(1501 1509 1536 1524)
4(1502 1527 1540 1513)
4(1502 1503 1529 1527)
4(1503 1504 1531 1529)
4(1504 1505 1533 1531)
4(1505 1507 1534 1533)
4(1507 1508 1537 1534)
4(1508 1510 1538 1537)
4(1510 1512 1541 1538)
4(1512 1514 1542 1541)
4(1514 1515 1544 1542)
4(1515 1516 1546 1544)
4(1516 1518 1548 1546)
4(1518 1519 1550 1548)
4(1519 1520 1551 1550)
4(1520 1521 1554 1551)
4(1521 1523 1557 1554)
4(1523 1524 1560 1557)
4(1524 1536 1582 1560)
4(1527 1547 1555 1540)
4(1527 1529 1552 1547)
4(1529 1531 1556 1552)
4(1531 1533 1559 1556)
4(1533 1534 1562 1559)
4(1534 1537 1564 1562)
4(1537 1538 1567 1564)
4(1538 1541 1569 1567)
4(1541 1542 1572 1569)
4(1542 1544 1573 1572)
4(1544 1546 1576 1573)
4(1546 1548 1578 1576)
4(1548 1550 1581 1578)
4(1550 1551 1583 1581)
4(1551 1554 1586 1583)
4(1554 1557 1589 1586)
4(1557 1560 1593 1589)
4(1560 1582 1598 1593)
4(1547 1579 1603 1555)
4(1547 1552 1585 1579)
4(1552 1556 1587 1585)
4(1556 1559 1590 1587)
4(1559 1562 1594 1590)
4(1562 1564 1595 1594)
4(1564 1567 1597 1595)
4(1567 1569 1600 1597)
4(1569 1572 1601 1600)
4(1572 1573 1604 1601)
4(1573 1576 1606 1604)
4(1576 1578 1607 1606)
4(1578 1581 1609 1607)
4(1581 1583 1611 1609)
4(1583 1586 1613 1611)
4(1586 1589 1615 1613)
4(1589 1593 1617 1615)
4(1593 1598 1632 1617)
4(1579 1619 1637 1603)
4(1579 1585 1622 1619)
4(1585 1587 1624 1622)
4(1587 1590 1626 1624)
4(1590 1594 1629 1626)
4(1594 1595 1631 1629)
4(1595 1597 1634 1631)
4(1597 1600 1636 1634)
4(1600 1601 1639 1636)
4(1601 1604 1641 1639)
4(1604 1606 1643 1641)
4(1606 1607 1645 1643)
4(1607 1609 1647 1645)
4(1609 1611 1649 1647)
4(1611 1613 1651 1649)
4(1613 1615 1653 1651)
4(1615 1617 1655 1653)
4(1617 1632 1668 1655)
4(1619 1657 1675 1637)
4(1619 1622 1659 1657)
4(1622 1624 1661 1659)
4(1624 1626 1663 1661)
4(1626 1629 1665 1663)
4(1629 1631 1667 1665)
4(1631 1634 1671 1667)
4(1634 1636 1673 1671)
4(1636 1639 1677 1673)
4(1639 1641 1679 1677)
4(1641 1643 1681 1679)
4(1643 1645 1683 1681)
4(1645 1647 1685 1683)
4(1647 1649 1687 1685)
4(1649 1651 1689 1687)
4(1651 1653 1691 1689)
4(1653 1655 1693 1691)
4(1655 1668 1706 1693)
4(1657 1695 1713 1675)
4(1657 1659 1697 1695)
4(1659 1661 1699 1697)
4(1661 1663 1701 1699)
4(1663 1665 1703 1701)
4(1665 1667 1705 1703)
4(1667 1671 1709 1705)
4(1671 1673 1711 1709)
4(1673 1677 1715 1711)
4(1677 1679 1717 1715)
4(1679 1681 1719 1717)
4(1681 1683 1721 1719)
4(1683 1685 1723 1721)
4(1685 1687 1725 1723)
4(1687 1689 1727 1725)
4(1689 1691 1729 1727)
4(1691 1693 1731 1729)
4(1693 1706 1744 1731)
4(1695 1733 1751 1713)
4(1695 1697 1735 1733)
4(1697 1699 1737 1735)
4(1699 1701 1739 1737)
4(1701 1703 1741 1739)
4(1703 1705 1743 1741)
4(1705 1709 1747 1743)
4(1709 1711 1749 1747)
4(1711 1715 1753 1749)
4(1715 1717 1755 1753)
4(1717 1719 1757 1755)
4(1719 1721 1759 1757)
4(1721 1723 1761 1759)
4(1723 1725 1763 1761)
4(1725 1727 1765 1763)
4(1727 1729 1767 1765)
4(1729 1731 1769 1767)
4(1731 1744 1770 1769)
4(280 282 247 246)
3(280 309 282)
4(307 323 309 280)
4(337 338 323 307)
4(363 364 338 337)
4(363 395 396 364)
4(412 416 395 363)
4(441 442 416 412)
4(467 468 442 441)
4(493 494 468 467)
4(493 525 526 494)
4(542 546 525 493)
4(280 246 591 599)
4(307 280 599 613)
4(337 307 613 622)
4(363 337 622 628)
4(412 363 628 661)
4(441 412 661 668)
4(467 441 668 674)
4(493 467 674 679)
4(542 493 679 685)
4(247 282 34 21)
4(282 309 47 34)
4(309 323 60 47)
4(323 338 73 60)
4(338 364 86 73)
4(364 396 99 86)
4(396 395 112 99)
4(395 416 125 112)
4(416 442 138 125)
4(442 468 151 138)
4(468 494 164 151)
4(494 526 177 164)
4(526 525 190 177)
4(525 546 203 190)
4(728 1282 1261 725)
4(1282 1286 1264 1261)
4(1286 1288 1267 1264)
4(1288 1292 1271 1267)
4(1292 1301 1280 1271)
4(725 1261 1239 722)
4(1261 1264 1242 1239)
4(1264 1267 1245 1242)
4(1267 1271 1249 1245)
4(1271 1280 1258 1249)
4(722 1239 1218 719)
4(1239 1242 1222 1218)
4(1242 1245 1226 1222)
4(1245 1249 1230 1226)
4(1249 1258 1235 1230)
4(719 1218 1190 716)
4(1218 1222 1193 1190)
4(1222 1226 1198 1193)
4(1226 1230 1202 1198)
4(1230 1235 1214 1202)
4(716 1190 1171 713)
4(1190 1193 1175 1171)
4(1193 1198 1178 1175)
4(1198 1202 1182 1178)
4(1202 1214 1188 1182)
4(713 1171 1145 710)
4(1171 1175 1149 1145)
4(1175 1178 1150 1149)
4(1178 1182 1154 1150)
4(1182 1188 1164 1154)
4(710 1145 1122 707)
4(1145 1149 1125 1122)
4(1149 1150 1129 1125)
4(1150 1154 1133 1129)
4(1154 1164 1141 1133)
4(707 1122 1094 704)
4(1122 1125 1098 1094)
4(1125 1129 1101 1098)
4(1129 1133 1104 1101)
4(1133 1141 1118 1104)
4(704 1094 1076 701)
4(1094 1098 1079 1076)
4(1098 1101 1082 1079)
4(1101 1104 1085 1082)
4(1104 1118 1090 1085)
4(701 1076 1050 698)
4(1076 1079 1053 1050)
4(1079 1082 1057 1053)
4(1082 1085 1060 1057)
4(1085 1090 1072 1060)
4(698 1050 1032 695)
4(1050 1053 1036 1032)
4(1053 1057 1039 1036)
4(1057 1060 1041 1039)
4(1060 1072 1046 1041)
4(695 1032 1011 692)
4(1032 1036 1014 1011)
4(1036 1039 1017 1014)
4(1039 1041 1021 1017)
4(1041 1046 1030 1021)
4(692 1011 994 689)
4(1011 1014 996 994)
4(1014 1017 1000 996)
4(1017 1021 1002 1000)
4(1021 1030 1008 1002)
4(689 994 979 686)
4(994 996 982 979)
4(996 1000 984 982)
4(1000 1002 987 984)
4(1002 1008 991 987)
4(34 689 686 21)
4(47 692 689 34)
4(60 695 692 47)
4(73 698 695 60)
4(86 701 698 73)
4(99 704 701 86)
4(112 707 704 99)
4(125 710 707 112)
4(138 713 710 125)
4(151 716 713 138)
4(164 719 716 151)
4(177 722 719 164)
4(190 725 722 177)
4(203 728 725 190)
4(224 206 207 226)
4(250 224 226 251)
3(250 251 287)
4(284 250 287 294)
4(313 284 294 314)
4(341 313 314 342)
4(341 342 367 368)
4(383 341 368 401)
4(419 383 401 420)
4(445 419 420 446)
4(471 445 446 472)
4(471 472 497 498)
4(513 471 498 531)
4(224 557 547 206)
4(250 561 557 224)
4(284 567 561 250)
4(313 584 567 284)
4(341 592 584 313)
4(383 623 592 341)
4(419 629 623 383)
4(445 633 629 419)
4(471 640 633 445)
4(513 675 640 471)
4(207 1 10 226)
4(226 10 23 251)
4(251 23 36 287)
4(287 36 49 294)
4(294 49 62 314)
4(314 62 75 342)
4(342 75 88 367)
4(367 88 101 368)
4(368 101 114 401)
4(401 114 127 420)
4(420 127 140 446)
4(446 140 153 472)
4(472 153 166 497)
4(497 166 179 498)
4(498 179 192 531)
3(877 1181 1247)
3(936 1325 1363)
4(828 10 1 788)
4(856 23 10 828)
4(868 36 23 856)
4(877 49 36 868)
3(965 1479 1511)
4(920 62 49 877)
4(936 75 62 920)
4(942 88 75 936)
4(957 101 88 942)
4(965 114 101 957)
4(976 127 114 965)
4(828 788 962 998)
4(1035 140 127 976)
4(856 828 998 1055)
4(1074 153 140 1035)
4(1114 166 153 1074)
4(868 856 1055 1111)
4(1167 179 166 1114)
4(877 868 1111 1181)
4(962 1162 1207 998)
4(1211 192 179 1167)
4(998 1207 1255 1055)
4(920 877 1247 1276)
4(1055 1255 1306 1111)
4(1111 1306 1335 1181)
4(936 920 1276 1325)
4(1181 1335 1354 1247)
4(1247 1354 1367 1276)
4(942 936 1363 1381)
4(1276 1367 1407 1325)
4(957 942 1381 1423)
4(1325 1407 1439 1363)
4(1363 1439 1456 1381)
4(1381 1456 1493 1423)
4(965 957 1423 1479)
4(1423 1493 1513 1479)
4(976 965 1511 1526)
4(1479 1513 1540 1511)
4(1511 1540 1555 1526)
4(1035 976 1526 1568)
4(1526 1555 1603 1568)
4(1568 1603 1637 1627)
4(1074 1035 1568 1627)
4(1627 1637 1675 1674)
4(1114 1074 1627 1674)
4(1674 1675 1713 1712)
4(1712 1713 1751 1750)
4(1167 1114 1674 1712)
4(1211 1167 1712 1750)
3(1047 1320 1237)
3(1091 1417 1358)
3(1165 1561 1506)
4(1009 992 991 1008)
4(1031 1009 1008 1030)
4(1047 1031 1030 1046)
4(1073 1047 1046 1072)
4(1091 1073 1072 1090)
4(1009 1106 1049 992)
4(1119 1091 1090 1118)
4(1142 1119 1118 1141)
4(1165 1142 1141 1164)
4(1031 1174 1106 1009)
4(1189 1165 1164 1188)
4(1215 1189 1188 1214)
4(1236 1215 1214 1235)
4(1047 1237 1174 1031)
4(1259 1236 1235 1258)
4(1281 1259 1258 1280)
4(1049 1106 1300 1252)
4(1302 1281 1280 1301)
4(1106 1174 1332 1300)
4(1073 1341 1320 1047)
4(1174 1237 1351 1332)
4(1091 1358 1341 1073)
4(1237 1320 1388 1351)
4(1320 1341 1403 1388)
4(1341 1358 1435 1403)
4(1119 1443 1417 1091)
4(1358 1417 1478 1435)
4(1142 1474 1443 1119)
4(1417 1443 1490 1478)
4(1443 1474 1509 1490)
4(1165 1506 1474 1142)
4(1474 1506 1536 1509)
4(1506 1561 1582 1536)
4(1189 1591 1561 1165)
4(1561 1591 1598 1582)
4(1591 1620 1632 1598)
4(1215 1620 1591 1189)
4(1620 1669 1668 1632)
4(1236 1669 1620 1215)
4(1669 1707 1706 1668)
4(1707 1745 1744 1706)
4(1259 1707 1669 1236)
4(1745 1771 1770 1744)
4(1281 1745 1707 1259)
4(1302 1771 1745 1281)
4(205 204 207 206)
4(205 209 208 204)
4(209 211 210 208)
4(211 213 212 210)
4(213 215 214 212)
4(215 217 216 214)
4(217 219 218 216)
4(219 221 220 218)
4(238 239 220 221)
4(238 240 241 239)
4(240 242 243 241)
4(242 244 245 243)
4(244 246 247 245)
4(238 573 577 240)
4(240 577 580 242)
4(242 580 586 244)
4(244 586 591 246)
4(205 206 547 548)
4(205 548 549 209)
4(209 549 550 211)
4(211 550 552 213)
4(213 552 553 215)
4(215 553 555 217)
4(217 555 558 219)
4(238 221 562 573)
4(219 558 562 221)
4(204 0 1 207)
4(204 208 2 0)
4(208 210 3 2)
4(210 212 4 3)
4(212 214 5 4)
4(214 216 6 5)
4(216 218 7 6)
4(218 220 8 7)
4(220 239 17 8)
4(239 241 18 17)
4(241 243 19 18)
4(243 245 20 19)
4(245 247 21 20)
4(780 961 962 788)
4(780 781 963 961)
4(781 782 964 963)
4(782 783 966 964)
4(783 784 967 966)
4(784 785 968 967)
4(785 786 969 968)
4(786 787 970 969)
4(832 1020 970 787)
4(832 835 1024 1020)
4(835 839 1026 1024)
4(839 843 1028 1026)
4(843 688 1033 1028)
4(688 687 1038 1033)
4(687 980 1042 1038)
4(980 983 1044 1042)
4(983 985 1045 1044)
4(985 988 1048 1045)
4(988 992 1049 1048)
4(832 17 18 835)
4(835 18 19 839)
4(839 19 20 843)
4(843 20 21 688)
4(688 21 686 687)
4(687 686 979 980)
4(980 979 982 983)
4(983 982 984 985)
4(985 984 987 988)
4(988 987 991 992)
4(780 788 1 0)
4(780 0 2 781)
4(781 2 3 782)
4(782 3 4 783)
4(783 4 5 784)
4(784 5 6 785)
4(785 6 7 786)
4(832 787 8 17)
4(786 7 8 787)
4(961 1131 1162 962)
4(961 963 1136 1131)
4(963 964 1138 1136)
4(964 966 1140 1138)
4(966 967 1144 1140)
4(967 968 1147 1144)
4(968 969 1151 1147)
4(969 970 1155 1151)
4(970 1020 1205 1155)
4(1020 1024 1208 1205)
4(1024 1026 1210 1208)
4(1026 1028 1213 1210)
4(1028 1033 1216 1213)
4(1033 1038 1220 1216)
4(1038 1042 1224 1220)
4(1042 1044 1228 1224)
4(1044 1045 1232 1228)
4(1045 1048 1233 1232)
4(1048 1049 1252 1233)
4(514 513 531 522)
4(514 522 528 516)
4(516 528 530 520)
4(520 530 533 524)
4(524 533 535 527)
4(527 535 537 529)
4(529 537 539 532)
4(532 539 541 534)
4(534 541 543 536)
4(536 543 544 538)
4(538 544 545 540)
4(540 545 546 542)
4(514 657 675 513)
4(514 516 665 657)
4(516 520 669 665)
4(520 524 672 669)
4(524 527 676 672)
4(527 529 678 676)
4(529 532 680 678)
4(532 534 681 680)
4(534 536 682 681)
4(536 538 683 682)
4(538 540 684 683)
4(540 542 685 684)
4(522 531 192 191)
4(522 191 193 528)
4(528 193 194 530)
4(530 194 195 533)
4(533 195 196 535)
4(535 196 197 537)
4(537 197 198 539)
4(539 198 199 541)
4(541 199 200 543)
4(543 200 201 544)
4(544 201 202 545)
4(545 202 203 546)
4(1186 1211 1750 1732)
4(1186 1732 1734 1196)
4(1196 1734 1736 1200)
4(1200 1736 1738 1204)
4(1204 1738 1740 1206)
4(1206 1740 1742 1209)
4(1209 1742 1746 1212)
4(1212 1746 1748 1217)
4(1217 1748 1752 1221)
4(1221 1752 1754 1225)
4(1225 1754 1756 1229)
4(1229 1756 1758 730)
4(730 1758 1760 729)
4(729 1760 1762 1283)
4(1283 1762 1764 1287)
4(1287 1764 1766 1289)
4(1289 1766 1768 1293)
4(1293 1768 1771 1302)
4(1186 191 192 1211)
4(1186 1196 193 191)
4(1196 1200 194 193)
4(1200 1204 195 194)
4(1204 1206 196 195)
4(1206 1209 197 196)
4(1209 1212 198 197)
4(1212 1217 199 198)
4(1217 1221 200 199)
4(1221 1225 201 200)
4(1225 1229 202 201)
4(1229 730 203 202)
4(730 729 728 203)
4(729 1283 1282 728)
4(1283 1287 1286 1282)
4(1287 1289 1288 1286)
4(1289 1293 1292 1288)
4(1293 1302 1301 1292)
4(1732 1750 1751 1733)
4(1732 1733 1735 1734)
4(1734 1735 1737 1736)
4(1736 1737 1739 1738)
4(1738 1739 1741 1740)
4(1740 1741 1743 1742)
4(1742 1743 1747 1746)
4(1746 1747 1749 1748)
4(1748 1749 1753 1752)
4(1752 1753 1755 1754)
4(1754 1755 1757 1756)
4(1756 1757 1759 1758)
4(1758 1759 1761 1760)
4(1760 1761 1763 1762)
4(1762 1763 1765 1764)
4(1764 1765 1767 1766)
4(1766 1767 1769 1768)
4(1768 1769 1770 1771)
)


// ************************************************************************* //
