/*--------------------------------*- C++ -*----------------------------------*\
| =========                 |                                                 |
| \\      /  F ield         | OpenFOAM: The Open Source CFD Toolbox           |
|  \\    /   O peration     | Version:  2.4.0                                 |
|   \\  /    A nd           | Web:      www.OpenFOAM.org                      |
|    \\/     M anipulation  |                                                 |
\*---------------------------------------------------------------------------*/
FoamFile
{
    version     2.0;
    format      ascii;
    class       labelList;
    note        "nPoints: 1772 nCells: 1332 nFaces: 4399 nInternalFaces: 3527";
    location    "constant/polyMesh";
    object      neighbour;
}
// * * * * * * * * * * * * * * * * * * * * * * * * * * * * * * * * * * * * * //


3527
(
1
8
248
256
2
9
249
257
3
10
250
258
4
11
251
259
5
12
252
260
6
13
253
261
7
14
254
262
15
255
263
9
236
264
432
10
237
265
433
11
238
266
434
12
239
267
435
13
240
268
436
14
241
269
437
15
242
270
438
16
243
271
439
17
244
272
440
18
245
273
441
19
246
274
442
247
275
443
21
32
224
288
432
22
33
225
289
433
23
34
226
290
434
24
35
227
291
435
25
36
228
292
436
26
37
229
293
437
27
38
230
294
438
28
39
231
295
439
29
40
232
296
440
30
41
233
297
441
31
42
234
298
442
43
235
299
443
33
44
212
300
34
45
213
301
35
46
214
302
36
47
215
303
37
48
216
304
38
49
217
305
39
50
218
306
40
51
219
307
41
52
220
308
42
53
221
309
43
54
222
310
55
223
311
45
56
200
312
46
57
201
313
47
58
202
314
48
59
203
315
49
60
204
316
50
61
205
317
51
62
206
318
52
63
207
319
53
64
208
320
54
65
209
321
55
66
210
322
67
211
323
57
68
324
336
58
69
325
337
59
70
326
338
60
71
327
339
61
72
328
340
62
73
329
341
63
74
330
342
64
75
331
343
65
76
332
344
66
77
333
345
67
78
334
346
79
335
347
69
80
188
348
70
81
189
349
71
82
190
350
72
83
191
351
73
84
192
352
74
85
193
353
75
86
194
354
76
87
195
355
77
88
196
356
78
89
197
357
79
90
198
358
91
199
359
81
92
176
360
82
93
177
361
83
94
178
362
84
95
179
363
85
96
180
364
86
97
181
365
87
98
182
366
88
99
183
367
89
100
184
368
90
101
185
369
91
102
186
370
103
187
371
93
104
164
372
94
105
165
373
95
106
166
374
96
107
167
375
97
108
168
376
98
109
169
377
99
110
170
378
100
111
171
379
101
112
172
380
102
113
173
381
103
114
174
382
115
175
383
105
116
152
384
106
117
153
385
107
118
154
386
108
119
155
387
109
120
156
388
110
121
157
389
111
122
158
390
112
123
159
391
113
124
160
392
114
125
161
393
115
126
162
394
127
163
395
117
128
396
408
118
129
397
409
119
130
398
410
120
131
399
411
121
132
400
412
122
133
401
413
123
134
402
414
124
135
403
415
125
136
404
416
126
137
405
417
127
138
406
418
139
407
419
129
140
420
130
141
421
131
142
422
132
143
423
133
144
424
134
145
425
135
146
426
136
147
427
137
148
428
138
149
429
139
150
430
151
431
141
152
142
153
143
154
144
155
145
156
146
157
147
158
148
159
149
160
150
161
151
162
163
153
164
154
165
155
166
156
167
157
168
158
169
159
170
160
171
161
172
162
173
163
174
175
165
176
166
177
167
178
168
179
169
180
170
181
171
182
172
183
173
184
174
185
175
186
187
177
188
178
189
179
190
180
191
181
192
182
193
183
194
184
195
185
196
186
197
187
198
199
189
200
190
201
191
202
192
203
193
204
194
205
195
206
196
207
197
208
198
209
199
210
211
201
212
202
213
203
214
204
215
205
216
206
217
207
218
208
219
209
220
210
221
211
222
223
213
224
214
225
215
226
216
227
217
228
218
229
219
230
220
231
221
232
222
233
223
234
235
225
236
226
237
227
238
228
239
229
240
230
241
231
242
232
243
233
244
234
245
235
246
247
237
248
238
249
239
250
240
251
241
252
242
253
243
254
244
255
245
246
247
249
250
251
252
253
254
255
257
264
956
258
265
957
259
266
958
260
267
959
261
268
960
262
269
961
263
270
962
271
963
265
276
938
266
277
939
267
278
940
268
279
941
269
280
942
270
281
943
271
282
944
272
283
945
273
284
946
274
285
947
275
286
948
287
949
277
288
432
920
278
289
433
921
279
290
434
922
280
291
435
923
281
292
436
924
282
293
437
925
283
294
438
926
284
295
439
927
285
296
440
928
286
297
441
929
287
298
442
930
299
443
931
289
300
902
290
301
903
291
302
904
292
303
905
293
304
906
294
305
907
295
306
908
296
307
909
297
308
910
298
309
911
299
310
912
311
913
301
312
884
302
313
885
303
314
886
304
315
887
305
316
888
306
317
889
307
318
890
308
319
891
309
320
892
310
321
893
311
322
894
323
895
313
324
866
314
325
867
315
326
868
316
327
869
317
328
870
318
329
871
319
330
872
320
331
873
321
332
874
322
333
875
323
334
876
335
877
325
336
848
326
337
849
327
338
850
328
339
851
329
340
852
330
341
853
331
342
854
332
343
855
333
344
856
334
345
857
335
346
858
347
859
337
348
830
338
349
831
339
350
832
340
351
833
341
352
834
342
353
835
343
354
836
344
355
837
345
356
838
346
357
839
347
358
840
359
841
349
360
812
350
361
813
351
362
814
352
363
815
353
364
816
354
365
817
355
366
818
356
367
819
357
368
820
358
369
821
359
370
822
371
823
361
372
794
362
373
795
363
374
796
364
375
797
365
376
798
366
377
799
367
378
800
368
379
801
369
380
802
370
381
803
371
382
804
383
805
373
384
776
374
385
777
375
386
778
376
387
779
377
388
780
378
389
781
379
390
782
380
391
783
381
392
784
382
393
785
383
394
786
395
787
385
396
758
386
397
759
387
398
760
388
399
761
389
400
762
390
401
763
391
402
764
392
403
765
393
404
766
394
405
767
395
406
768
407
769
397
408
740
398
409
741
399
410
742
400
411
743
401
412
744
402
413
745
403
414
746
404
415
747
405
416
748
406
417
749
407
418
750
419
751
409
420
722
410
421
723
411
422
724
412
423
725
413
424
726
414
425
727
415
426
728
416
427
729
417
428
730
418
429
731
419
430
732
431
733
421
704
422
705
423
706
424
707
425
708
426
709
427
710
428
711
429
712
430
713
431
714
715
433
434
435
436
437
438
439
440
441
442
443
445
452
956
964
446
453
957
965
447
454
958
966
448
455
959
967
449
456
960
968
450
457
961
969
451
458
962
970
459
963
971
453
470
938
972
454
471
939
973
455
472
940
974
456
473
941
975
457
474
942
976
458
475
943
977
459
476
944
978
460
477
945
979
461
478
946
980
462
479
947
981
463
480
948
982
464
481
949
983
465
482
950
984
466
483
951
985
467
484
952
986
468
485
953
987
469
486
954
988
487
955
989
471
488
920
990
472
489
921
991
473
490
922
992
474
491
923
993
475
492
924
994
476
493
925
995
477
494
926
996
478
495
927
997
479
496
928
998
480
497
929
999
481
498
930
1000
482
499
931
1001
483
500
932
1002
484
501
933
1003
485
502
934
1004
486
503
935
1005
487
504
936
1006
505
937
1007
489
902
1008
1278
490
903
1009
1279
491
904
1010
1280
492
905
1011
1281
493
906
1012
1282
494
907
1013
1283
495
908
1014
1284
496
909
1015
1285
497
910
1016
1286
498
911
1017
1287
499
912
1018
1288
500
913
1019
1289
501
914
1020
1290
502
915
1021
1291
503
916
1022
1292
504
917
1023
1293
505
918
1024
1294
919
1025
1295
507
524
884
1044
1278
508
525
885
1045
1279
509
526
886
1046
1280
510
527
887
1047
1281
511
528
888
1048
1282
512
529
889
1049
1283
513
530
890
1050
1284
514
531
891
1051
1285
515
532
892
1052
1286
516
533
893
1053
1287
517
534
894
1054
1288
518
535
895
1055
1289
519
536
896
1056
1290
520
537
897
1057
1291
521
538
898
1058
1292
522
539
899
1059
1293
523
540
900
1060
1294
541
901
1061
1295
525
866
1062
1296
526
867
1063
1297
527
868
1064
1298
528
869
1065
1299
529
870
1066
1300
530
871
1067
1301
531
872
1068
1302
532
873
1069
1303
533
874
1070
1304
534
875
1071
1305
535
876
1072
1306
536
877
1073
1307
537
878
1074
1308
538
879
1075
1309
539
880
1076
1310
540
881
1077
1311
541
882
1078
1312
883
1079
1313
543
560
848
1098
1296
544
561
849
1099
1297
545
562
850
1100
1298
546
563
851
1101
1299
547
564
852
1102
1300
548
565
853
1103
1301
549
566
854
1104
1302
550
567
855
1105
1303
551
568
856
1106
1304
552
569
857
1107
1305
553
570
858
1108
1306
554
571
859
1109
1307
555
572
860
1110
1308
556
573
861
1111
1309
557
574
862
1112
1310
558
575
863
1113
1311
559
576
864
1114
1312
577
865
1115
1313
561
578
830
1116
562
579
831
1117
563
580
832
1118
564
581
833
1119
565
582
834
1120
566
583
835
1121
567
584
836
1122
568
585
837
1123
569
586
838
1124
570
587
839
1125
571
588
840
1126
572
589
841
1127
573
590
842
1128
574
591
843
1129
575
592
844
1130
576
593
845
1131
577
594
846
1132
595
847
1133
579
812
1134
1314
580
813
1135
1315
581
814
1136
1316
582
815
1137
1317
583
816
1138
1318
584
817
1139
1319
585
818
1140
1320
586
819
1141
1321
587
820
1142
1322
588
821
1143
1323
589
822
1144
1324
590
823
1145
1325
591
824
1146
1326
592
825
1147
1327
593
826
1148
1328
594
827
1149
1329
595
828
1150
1330
829
1151
1331
597
614
794
1170
1314
598
615
795
1171
1315
599
616
796
1172
1316
600
617
797
1173
1317
601
618
798
1174
1318
602
619
799
1175
1319
603
620
800
1176
1320
604
621
801
1177
1321
605
622
802
1178
1322
606
623
803
1179
1323
607
624
804
1180
1324
608
625
805
1181
1325
609
626
806
1182
1326
610
627
807
1183
1327
611
628
808
1184
1328
612
629
809
1185
1329
613
630
810
1186
1330
631
811
1187
1331
615
632
776
1188
616
633
777
1189
617
634
778
1190
618
635
779
1191
619
636
780
1192
620
637
781
1193
621
638
782
1194
622
639
783
1195
623
640
784
1196
624
641
785
1197
625
642
786
1198
626
643
787
1199
627
644
788
1200
628
645
789
1201
629
646
790
1202
630
647
791
1203
631
648
792
1204
649
793
1205
633
650
758
1206
634
651
759
1207
635
652
760
1208
636
653
761
1209
637
654
762
1210
638
655
763
1211
639
656
764
1212
640
657
765
1213
641
658
766
1214
642
659
767
1215
643
660
768
1216
644
661
769
1217
645
662
770
1218
646
663
771
1219
647
664
772
1220
648
665
773
1221
649
666
774
1222
667
775
1223
651
668
740
1224
652
669
741
1225
653
670
742
1226
654
671
743
1227
655
672
744
1228
656
673
745
1229
657
674
746
1230
658
675
747
1231
659
676
748
1232
660
677
749
1233
661
678
750
1234
662
679
751
1235
663
680
752
1236
664
681
753
1237
665
682
754
1238
666
683
755
1239
667
684
756
1240
685
757
1241
669
686
722
1242
670
687
723
1243
671
688
724
1244
672
689
725
1245
673
690
726
1246
674
691
727
1247
675
692
728
1248
676
693
729
1249
677
694
730
1250
678
695
731
1251
679
696
732
1252
680
697
733
1253
681
698
734
1254
682
699
735
1255
683
700
736
1256
684
701
737
1257
685
702
738
1258
703
739
1259
687
704
1260
688
705
1261
689
706
1262
690
707
1263
691
708
1264
692
709
1265
693
710
1266
694
711
1267
695
712
1268
696
713
1269
697
714
1270
698
715
1271
699
716
1272
700
717
1273
701
718
1274
702
719
1275
703
720
1276
721
1277
705
722
706
723
707
724
708
725
709
726
710
727
711
728
712
729
713
730
714
731
715
732
716
733
717
734
718
735
719
736
720
737
721
738
739
723
740
724
741
725
742
726
743
727
744
728
745
729
746
730
747
731
748
732
749
733
750
734
751
735
752
736
753
737
754
738
755
739
756
757
741
758
742
759
743
760
744
761
745
762
746
763
747
764
748
765
749
766
750
767
751
768
752
769
753
770
754
771
755
772
756
773
757
774
775
759
776
760
777
761
778
762
779
763
780
764
781
765
782
766
783
767
784
768
785
769
786
770
787
771
788
772
789
773
790
774
791
775
792
793
777
794
778
795
779
796
780
797
781
798
782
799
783
800
784
801
785
802
786
803
787
804
788
805
789
806
790
807
791
808
792
809
793
810
811
795
812
796
813
797
814
798
815
799
816
800
817
801
818
802
819
803
820
804
821
805
822
806
823
807
824
808
825
809
826
810
827
811
828
829
813
830
814
831
815
832
816
833
817
834
818
835
819
836
820
837
821
838
822
839
823
840
824
841
825
842
826
843
827
844
828
845
829
846
847
831
848
832
849
833
850
834
851
835
852
836
853
837
854
838
855
839
856
840
857
841
858
842
859
843
860
844
861
845
862
846
863
847
864
865
849
866
850
867
851
868
852
869
853
870
854
871
855
872
856
873
857
874
858
875
859
876
860
877
861
878
862
879
863
880
864
881
865
882
883
867
884
868
885
869
886
870
887
871
888
872
889
873
890
874
891
875
892
876
893
877
894
878
895
879
896
880
897
881
898
882
899
883
900
901
885
902
886
903
887
904
888
905
889
906
890
907
891
908
892
909
893
910
894
911
895
912
896
913
897
914
898
915
899
916
900
917
901
918
919
903
920
904
921
905
922
906
923
907
924
908
925
909
926
910
927
911
928
912
929
913
930
914
931
915
932
916
933
917
934
918
935
919
936
937
921
938
922
939
923
940
924
941
925
942
926
943
927
944
928
945
929
946
930
947
931
948
932
949
933
950
934
951
935
952
936
953
937
954
955
939
956
940
957
941
958
942
959
943
960
944
961
945
962
946
963
947
948
949
950
951
952
953
954
955
957
958
959
960
961
962
963
965
972
966
973
967
974
968
975
969
976
970
977
971
978
979
973
990
974
991
975
992
976
993
977
994
978
995
979
996
980
997
981
998
982
999
983
1000
984
1001
985
1002
986
1003
987
1004
988
1005
989
1006
1007
991
1008
992
1009
993
1010
994
1011
995
1012
996
1013
997
1014
998
1015
999
1016
1000
1017
1001
1018
1002
1019
1003
1020
1004
1021
1005
1022
1006
1023
1007
1024
1025
1009
1026
1010
1027
1011
1028
1012
1029
1013
1030
1014
1031
1015
1032
1016
1033
1017
1034
1018
1035
1019
1036
1020
1037
1021
1038
1022
1039
1023
1040
1024
1041
1025
1042
1043
1027
1044
1278
1028
1045
1279
1029
1046
1280
1030
1047
1281
1031
1048
1282
1032
1049
1283
1033
1050
1284
1034
1051
1285
1035
1052
1286
1036
1053
1287
1037
1054
1288
1038
1055
1289
1039
1056
1290
1040
1057
1291
1041
1058
1292
1042
1059
1293
1043
1060
1294
1061
1295
1045
1062
1046
1063
1047
1064
1048
1065
1049
1066
1050
1067
1051
1068
1052
1069
1053
1070
1054
1071
1055
1072
1056
1073
1057
1074
1058
1075
1059
1076
1060
1077
1061
1078
1079
1063
1080
1064
1081
1065
1082
1066
1083
1067
1084
1068
1085
1069
1086
1070
1087
1071
1088
1072
1089
1073
1090
1074
1091
1075
1092
1076
1093
1077
1094
1078
1095
1079
1096
1097
1081
1098
1296
1082
1099
1297
1083
1100
1298
1084
1101
1299
1085
1102
1300
1086
1103
1301
1087
1104
1302
1088
1105
1303
1089
1106
1304
1090
1107
1305
1091
1108
1306
1092
1109
1307
1093
1110
1308
1094
1111
1309
1095
1112
1310
1096
1113
1311
1097
1114
1312
1115
1313
1099
1116
1100
1117
1101
1118
1102
1119
1103
1120
1104
1121
1105
1122
1106
1123
1107
1124
1108
1125
1109
1126
1110
1127
1111
1128
1112
1129
1113
1130
1114
1131
1115
1132
1133
1117
1134
1118
1135
1119
1136
1120
1137
1121
1138
1122
1139
1123
1140
1124
1141
1125
1142
1126
1143
1127
1144
1128
1145
1129
1146
1130
1147
1131
1148
1132
1149
1133
1150
1151
1135
1152
1136
1153
1137
1154
1138
1155
1139
1156
1140
1157
1141
1158
1142
1159
1143
1160
1144
1161
1145
1162
1146
1163
1147
1164
1148
1165
1149
1166
1150
1167
1151
1168
1169
1153
1170
1314
1154
1171
1315
1155
1172
1316
1156
1173
1317
1157
1174
1318
1158
1175
1319
1159
1176
1320
1160
1177
1321
1161
1178
1322
1162
1179
1323
1163
1180
1324
1164
1181
1325
1165
1182
1326
1166
1183
1327
1167
1184
1328
1168
1185
1329
1169
1186
1330
1187
1331
1171
1188
1172
1189
1173
1190
1174
1191
1175
1192
1176
1193
1177
1194
1178
1195
1179
1196
1180
1197
1181
1198
1182
1199
1183
1200
1184
1201
1185
1202
1186
1203
1187
1204
1205
1189
1206
1190
1207
1191
1208
1192
1209
1193
1210
1194
1211
1195
1212
1196
1213
1197
1214
1198
1215
1199
1216
1200
1217
1201
1218
1202
1219
1203
1220
1204
1221
1205
1222
1223
1207
1224
1208
1225
1209
1226
1210
1227
1211
1228
1212
1229
1213
1230
1214
1231
1215
1232
1216
1233
1217
1234
1218
1235
1219
1236
1220
1237
1221
1238
1222
1239
1223
1240
1241
1225
1242
1226
1243
1227
1244
1228
1245
1229
1246
1230
1247
1231
1248
1232
1249
1233
1250
1234
1251
1235
1252
1236
1253
1237
1254
1238
1255
1239
1256
1240
1257
1241
1258
1259
1243
1260
1244
1261
1245
1262
1246
1263
1247
1264
1248
1265
1249
1266
1250
1267
1251
1268
1252
1269
1253
1270
1254
1271
1255
1272
1256
1273
1257
1274
1258
1275
1259
1276
1277
1261
1262
1263
1264
1265
1266
1267
1268
1269
1270
1271
1272
1273
1274
1275
1276
1277
1279
1280
1281
1282
1283
1284
1285
1286
1287
1288
1289
1290
1291
1292
1293
1294
1295
1297
1298
1299
1300
1301
1302
1303
1304
1305
1306
1307
1308
1309
1310
1311
1312
1313
1315
1316
1317
1318
1319
1320
1321
1322
1323
1324
1325
1326
1327
1328
1329
1330
1331
)


// ************************************************************************* //
