    21873.   0.000000E+00
    21874.   0.000000E+00
    21875.   0.000000E+00
    21876.   0.000000E+00
    21877.   0.000000E+00
    21878.   0.000000E+00
    21879.   0.000000E+00
    21880.   0.000000E+00
    21881.   0.000000E+00
    21882.   0.000000E+00
    21883.   0.000000E+00
    21884.   0.000000E+00
    21967.   0.000000E+00
    21969.   0.000000E+00
    21970.   0.000000E+00
    21971.   0.000000E+00
    21972.   0.000000E+00
    21973.   0.000000E+00
    21974.   0.000000E+00
    21975.   0.000000E+00
    21976.   0.000000E+00
    21977.   0.000000E+00
    21978.   0.000000E+00
    21979.   0.000000E+00
    21980.   0.000000E+00
    21981.   0.000000E+00
    21982.   0.000000E+00
    29119.   0.000000E+00
    29120.   0.000000E+00
    29121.   0.000000E+00
    29122.   0.000000E+00
    29123.   0.000000E+00
    29124.   0.000000E+00
    29125.   0.000000E+00
    29126.   0.000000E+00
    29335.   0.000000E+00
    29336.   0.000000E+00
    29337.   0.000000E+00
    29338.   0.000000E+00
    29339.   0.000000E+00
    29340.   0.000000E+00
    29341.   0.000000E+00
    29342.   0.000000E+00
    29343.   0.000000E+00
    29344.   0.000000E+00
    29345.   0.000000E+00
    29346.   0.000000E+00
    29347.   0.000000E+00
    29348.   0.000000E+00
    29349.   0.000000E+00
    29350.   0.000000E+00
    29351.   0.000000E+00
    29352.   0.000000E+00
    29353.   0.000000E+00
    29354.   0.000000E+00
    29355.   0.000000E+00
    29356.   0.000000E+00
    29357.   0.000000E+00
    29358.   0.000000E+00
    29359.   0.000000E+00
    29360.   0.000000E+00
    29361.   0.000000E+00
    29362.   0.000000E+00
    29363.   0.000000E+00
    29364.   0.000000E+00
    29365.   0.000000E+00
    29366.   0.000000E+00
    29367.   0.000000E+00
    29368.   0.000000E+00
    29369.   0.000000E+00
    29370.   0.000000E+00
    29371.   0.000000E+00
    29372.   0.000000E+00
    29373.   0.000000E+00
    29374.   0.000000E+00
    29375.   0.000000E+00
    29376.   0.000000E+00
    29377.   0.000000E+00
    29378.   0.000000E+00
    29379.   0.000000E+00
    29380.   0.000000E+00
    29381.   0.000000E+00
    29382.   0.000000E+00
    29383.   0.000000E+00
    29384.   0.000000E+00
    29385.   0.000000E+00
    29386.   0.000000E+00
    29387.   0.000000E+00
    29388.   0.000000E+00
    29389.   0.000000E+00
    29390.   0.000000E+00
    29391.   0.000000E+00
    29392.   0.000000E+00
    29393.   0.000000E+00
    29394.   0.000000E+00
    29395.   0.000000E+00
    29396.   0.000000E+00
    29397.   0.000000E+00
    29398.   0.000000E+00
    29399.   0.000000E+00
    29400.   0.000000E+00
    29401.   0.000000E+00
    29402.   0.000000E+00
    29403.   0.000000E+00
    29404.   0.000000E+00
    29405.   0.000000E+00
    29406.   0.000000E+00
    29407.   0.000000E+00
    29408.   0.000000E+00
    29409.   0.000000E+00
    29410.   0.000000E+00
    29411.   0.000000E+00
    29412.   0.000000E+00
    29413.   0.000000E+00
    29414.   0.000000E+00
    29415.   0.000000E+00
    29416.   0.000000E+00
    29417.   0.000000E+00
    29418.   0.000000E+00
    29419.   0.000000E+00
    29420.   0.000000E+00
    29421.   0.000000E+00
    29422.   0.000000E+00
    29423.   0.000000E+00
    29424.   0.000000E+00
    29425.   0.000000E+00
    29426.   0.000000E+00
    29427.   0.000000E+00
    29428.   0.000000E+00
    29429.   0.000000E+00
    29430.   0.000000E+00
    29431.   0.000000E+00
    29432.   0.000000E+00
    29433.   0.000000E+00
    29434.   0.000000E+00
    29435.   0.000000E+00
    29436.   0.000000E+00
    29437.   0.000000E+00
    29438.   0.000000E+00
    29439.   0.000000E+00
    29440.   0.000000E+00
    29441.   0.000000E+00
    29442.   0.000000E+00
    29443.   0.000000E+00
    29444.   0.000000E+00
    29445.   0.000000E+00
    29446.   0.000000E+00
    29447.   0.000000E+00
    29448.   0.000000E+00
    29449.   0.000000E+00
    29450.   0.000000E+00
    29451.   0.000000E+00
    29452.   0.000000E+00
    29453.   0.000000E+00
    29454.   0.000000E+00
    29503.   0.000000E+00
    29504.   0.000000E+00
    29505.   0.000000E+00
    29506.   0.000000E+00
    29507.   0.000000E+00
    29508.   0.000000E+00
    29509.   0.000000E+00
    29510.   0.000000E+00
    29511.   0.000000E+00
    29512.   0.000000E+00
    29513.   0.000000E+00
    29514.   0.000000E+00
    29515.   0.000000E+00
    29516.   0.000000E+00
    29517.   0.000000E+00
    29518.   0.000000E+00
    29519.   0.000000E+00
    29520.   0.000000E+00
    29521.   0.000000E+00
    29522.   0.000000E+00
    29523.   0.000000E+00
    29524.   0.000000E+00
    29525.   0.000000E+00
    29526.   0.000000E+00
    29527.   0.000000E+00
    29528.   0.000000E+00
    29529.   0.000000E+00
    29530.   0.000000E+00
    29531.   0.000000E+00
    29532.   0.000000E+00
    29533.   0.000000E+00
    29534.   0.000000E+00
    29535.   0.000000E+00
    29536.   0.000000E+00
    29537.   0.000000E+00
    29538.   0.000000E+00
    29539.   0.000000E+00
    29540.   0.000000E+00
    29541.   0.000000E+00
    29542.   0.000000E+00
    29543.   0.000000E+00
    29544.   0.000000E+00
    29545.   0.000000E+00
    29546.   0.000000E+00
    29547.   0.000000E+00
    29548.   0.000000E+00
    29549.   0.000000E+00
    29550.   0.000000E+00
    29551.   0.000000E+00
    29552.   0.000000E+00
    29553.   0.000000E+00
    29554.   0.000000E+00
    29555.   0.000000E+00
    29556.   0.000000E+00
    29557.   0.000000E+00
    29558.   0.000000E+00
    29559.   0.000000E+00
    29560.   0.000000E+00
    29561.   0.000000E+00
    29562.   0.000000E+00
    29563.   0.000000E+00
    29564.   0.000000E+00
    29565.   0.000000E+00
    29566.   0.000000E+00
    29567.   0.000000E+00
    29568.   0.000000E+00
    29569.   0.000000E+00
    29570.   0.000000E+00
    29571.   0.000000E+00
    29572.   0.000000E+00
    29573.   0.000000E+00
    29574.   0.000000E+00
    29575.   0.000000E+00
    29576.   0.000000E+00
    29577.   0.000000E+00
    29578.   0.000000E+00
    29579.   0.000000E+00
    29580.   0.000000E+00
    29581.   0.000000E+00
    29582.   0.000000E+00
    29583.   0.000000E+00
    29584.   0.000000E+00
    29585.   0.000000E+00
    29586.   0.000000E+00
    29587.   0.000000E+00
    29588.   0.000000E+00
    29589.   0.000000E+00
    29590.   0.000000E+00
