/*--------------------------------*- C++ -*----------------------------------*\
| =========                 |                                                 |
| \\      /  F ield         | OpenFOAM: The Open Source CFD Toolbox           |
|  \\    /   O peration     | Version:  2.4.0                                 |
|   \\  /    A nd           | Web:      www.OpenFOAM.org                      |
|    \\/     M anipulation  |                                                 |
\*---------------------------------------------------------------------------*/
FoamFile
{
    version     2.0;
    format      ascii;
    class       faceList;
    location    "constant/polyMesh";
    object      faces;
}
// * * * * * * * * * * * * * * * * * * * * * * * * * * * * * * * * * * * * * //


4435
(
4(371 370 352 353)
4(371 372 373 370)
4(371 353 354 372)
4(370 373 355 352)
4(374 375 357 356)
4(371 370 375 374)
4(371 374 356 353)
4(370 352 357 375)
4(376 377 359 358)
4(374 375 377 376)
4(374 376 358 356)
4(375 357 359 377)
4(378 379 361 360)
4(376 377 379 378)
4(376 378 360 358)
4(377 359 361 379)
4(380 381 363 362)
4(378 379 381 380)
4(378 380 362 360)
4(379 361 363 381)
4(382 383 365 364)
4(380 381 383 382)
4(380 382 364 362)
4(381 363 365 383)
4(384 385 367 366)
4(382 383 385 384)
4(382 384 366 364)
4(383 365 367 385)
4(384 385 387 386)
4(384 386 368 366)
4(385 367 369 387)
4(371 396 397 370)
4(371 372 399 396)
4(370 397 398 373)
4(396 399 398 397)
4(374 400 401 375)
4(371 396 400 374)
4(370 375 401 397)
4(396 397 401 400)
4(376 402 403 377)
4(374 400 402 376)
4(375 377 403 401)
4(400 401 403 402)
4(378 404 405 379)
4(376 402 404 378)
4(377 379 405 403)
4(402 403 405 404)
4(380 406 407 381)
4(378 404 406 380)
4(379 381 407 405)
4(404 405 407 406)
4(382 408 409 383)
4(380 406 408 382)
4(381 383 409 407)
4(406 407 409 408)
4(384 410 411 385)
4(382 408 410 384)
4(383 385 411 409)
4(408 409 411 410)
4(386 412 413 387)
4(384 410 412 386)
4(385 387 413 411)
4(410 411 413 412)
4(388 416 418 389)
4(386 412 416 388)
4(387 389 418 413)
4(412 413 418 416)
4(390 419 420 391)
4(388 416 419 390)
4(389 391 420 418)
4(416 418 420 419)
4(392 422 424 393)
4(390 419 422 392)
4(391 393 424 420)
4(419 420 424 422)
4(392 422 426 394)
4(393 395 427 424)
4(422 424 427 426)
4(415 423 396 371)
4(415 414 432 423)
4(415 371 372 414)
4(423 432 399 396)
4(417 429 400 374)
4(415 423 429 417)
4(415 417 374 371)
4(423 396 400 429)
4(421 431 402 376)
4(417 429 431 421)
4(417 421 376 374)
4(429 400 402 431)
4(425 434 404 378)
4(421 431 434 425)
4(421 425 378 376)
4(431 402 404 434)
4(428 436 406 380)
4(425 434 436 428)
4(425 428 380 378)
4(434 404 406 436)
4(430 438 408 382)
4(428 436 438 430)
4(428 430 382 380)
4(436 406 408 438)
4(433 440 410 384)
4(430 438 440 433)
4(430 433 384 382)
4(438 408 410 440)
4(435 442 412 386)
4(433 440 442 435)
4(433 435 386 384)
4(440 410 412 442)
4(437 444 416 388)
4(435 442 444 437)
4(435 437 388 386)
4(442 412 416 444)
4(439 445 419 390)
4(437 444 445 439)
4(437 439 390 388)
4(444 416 419 445)
4(441 446 422 392)
4(439 445 446 441)
4(439 441 392 390)
4(445 419 422 446)
4(441 446 447 443)
4(441 443 394 392)
4(446 422 426 447)
4(323 322 423 415)
4(323 415 414 448)
4(322 449 432 423)
4(323 448 449 322)
4(326 325 429 417)
4(323 326 417 415)
4(322 423 429 325)
4(323 322 325 326)
4(329 328 431 421)
4(326 329 421 417)
4(325 429 431 328)
4(326 325 328 329)
4(332 331 434 425)
4(329 332 425 421)
4(328 431 434 331)
4(329 328 331 332)
4(335 334 436 428)
4(332 335 428 425)
4(331 434 436 334)
4(332 331 334 335)
4(338 337 438 430)
4(335 338 430 428)
4(334 436 438 337)
4(335 334 337 338)
4(341 340 440 433)
4(338 341 433 430)
4(337 438 440 340)
4(338 337 340 341)
4(344 343 442 435)
4(341 344 435 433)
4(340 440 442 343)
4(341 340 343 344)
4(347 346 444 437)
4(344 347 437 435)
4(343 442 444 346)
4(344 343 346 347)
4(349 348 445 439)
4(347 349 439 437)
4(346 444 445 348)
4(347 346 348 349)
4(351 350 446 441)
4(349 351 441 439)
4(348 445 446 350)
4(349 348 350 351)
4(351 450 443 441)
4(350 446 447 451)
4(351 350 451 450)
4(453 456 321 323)
4(453 452 460 456)
4(453 323 448 452)
4(456 460 454 321)
4(323 321 454 448)
4(455 209 324 326)
4(453 456 209 455)
4(453 455 326 323)
4(456 321 324 209)
4(323 326 324 321)
4(457 213 327 329)
4(455 209 213 457)
4(455 457 329 326)
4(209 324 327 213)
4(326 329 327 324)
4(458 215 330 332)
4(457 213 215 458)
4(457 458 332 329)
4(213 327 330 215)
4(329 332 330 327)
4(459 218 333 335)
4(458 215 218 459)
4(458 459 335 332)
4(215 330 333 218)
4(332 335 333 330)
4(461 220 336 338)
4(459 218 220 461)
4(459 461 338 335)
4(218 333 336 220)
4(335 338 336 333)
4(462 224 339 341)
4(461 220 224 462)
4(461 462 341 338)
4(220 336 339 224)
4(338 341 339 336)
4(463 205 342 344)
4(462 224 205 463)
4(462 463 344 341)
4(224 339 342 205)
4(341 344 342 339)
4(464 204 345 347)
4(463 205 204 464)
4(463 464 347 344)
4(205 342 345 204)
4(344 347 345 342)
4(465 206 207 349)
4(464 204 206 465)
4(464 465 349 347)
4(204 345 207 206)
4(347 349 207 345)
4(466 210 211 351)
4(465 206 210 466)
4(465 466 351 349)
4(206 207 211 210)
4(349 351 211 207)
4(466 210 216 467)
4(466 467 450 351)
4(210 211 468 216)
4(351 450 468 211)
4(469 222 456 453)
4(469 470 221 222)
4(469 453 452 470)
4(222 221 460 456)
4(471 208 209 455)
4(469 222 208 471)
4(469 471 455 453)
4(222 456 209 208)
4(472 212 213 457)
4(471 208 212 472)
4(471 472 457 455)
4(208 209 213 212)
4(473 214 215 458)
4(472 212 214 473)
4(472 473 458 457)
4(212 213 215 214)
4(474 217 218 459)
4(473 214 217 474)
4(473 474 459 458)
4(214 215 218 217)
4(475 219 220 461)
4(474 217 219 475)
4(474 475 461 459)
4(217 218 220 219)
4(476 223 224 462)
4(475 219 223 476)
4(475 476 462 461)
4(219 220 224 223)
4(477 225 205 463)
4(476 223 225 477)
4(476 477 463 462)
4(223 224 205 225)
4(478 226 204 464)
4(477 225 226 478)
4(477 478 464 463)
4(225 205 204 226)
4(479 227 206 465)
4(478 226 227 479)
4(478 479 465 464)
4(226 204 206 227)
4(480 228 210 466)
4(479 227 228 480)
4(479 480 466 465)
4(227 206 210 228)
4(480 228 233 481)
4(480 481 467 466)
4(228 210 216 233)
4(482 229 222 469)
4(482 483 236 229)
4(482 469 470 483)
4(229 236 221 222)
4(484 230 208 471)
4(482 229 230 484)
4(482 484 471 469)
4(229 222 208 230)
4(485 231 212 472)
4(484 230 231 485)
4(484 485 472 471)
4(230 208 212 231)
4(486 232 214 473)
4(485 231 232 486)
4(485 486 473 472)
4(231 212 214 232)
4(487 234 217 474)
4(486 232 234 487)
4(486 487 474 473)
4(232 214 217 234)
4(488 235 219 475)
4(487 234 235 488)
4(487 488 475 474)
4(234 217 219 235)
4(489 237 223 476)
4(488 235 237 489)
4(488 489 476 475)
4(235 219 223 237)
4(490 238 225 477)
4(489 237 238 490)
4(489 490 477 476)
4(237 223 225 238)
4(491 239 226 478)
4(490 238 239 491)
4(490 491 478 477)
4(238 225 226 239)
4(492 240 227 479)
4(491 239 240 492)
4(491 492 479 478)
4(239 226 227 240)
4(493 241 228 480)
4(492 240 241 493)
4(492 493 480 479)
4(240 227 228 241)
4(493 241 246 494)
4(493 494 481 480)
4(241 228 233 246)
4(482 253 242 229)
4(482 483 257 253)
4(229 242 248 236)
4(253 257 248 242)
4(484 256 243 230)
4(482 253 256 484)
4(229 230 243 242)
4(253 242 243 256)
4(485 258 244 231)
4(484 256 258 485)
4(230 231 244 243)
4(256 243 244 258)
4(486 259 245 232)
4(485 258 259 486)
4(231 232 245 244)
4(258 244 245 259)
4(487 260 247 234)
4(486 259 260 487)
4(232 234 247 245)
4(259 245 247 260)
4(488 261 249 235)
4(487 260 261 488)
4(234 235 249 247)
4(260 247 249 261)
4(489 262 250 237)
4(488 261 262 489)
4(235 237 250 249)
4(261 249 250 262)
4(490 264 251 238)
4(489 262 264 490)
4(237 238 251 250)
4(262 250 251 264)
4(491 265 252 239)
4(490 264 265 491)
4(238 239 252 251)
4(264 251 252 265)
4(492 267 254 240)
4(491 265 267 492)
4(239 240 254 252)
4(265 252 254 267)
4(493 268 255 241)
4(492 267 268 493)
4(240 241 255 254)
4(267 254 255 268)
4(493 268 271 494)
4(241 246 263 255)
4(268 255 263 271)
4(496 266 253 482)
4(496 495 275 266)
4(496 482 483 495)
4(266 275 257 253)
4(497 269 256 484)
4(496 266 269 497)
4(496 497 484 482)
4(266 253 256 269)
4(498 270 258 485)
4(497 269 270 498)
4(497 498 485 484)
4(269 256 258 270)
4(499 272 259 486)
4(498 270 272 499)
4(498 499 486 485)
4(270 258 259 272)
4(500 273 260 487)
4(499 272 273 500)
4(499 500 487 486)
4(272 259 260 273)
4(501 274 261 488)
4(500 273 274 501)
4(500 501 488 487)
4(273 260 261 274)
4(502 276 262 489)
4(501 274 276 502)
4(501 502 489 488)
4(274 261 262 276)
4(503 277 264 490)
4(502 276 277 503)
4(502 503 490 489)
4(276 262 264 277)
4(504 278 265 491)
4(503 277 278 504)
4(503 504 491 490)
4(277 264 265 278)
4(505 279 267 492)
4(504 278 279 505)
4(504 505 492 491)
4(278 265 267 279)
4(506 280 268 493)
4(505 279 280 506)
4(505 506 493 492)
4(279 267 268 280)
4(506 280 285 507)
4(506 507 494 493)
4(280 268 271 285)
4(508 281 266 496)
4(508 509 288 281)
4(508 496 495 509)
4(281 288 275 266)
4(510 282 269 497)
4(508 281 282 510)
4(508 510 497 496)
4(281 266 269 282)
4(511 283 270 498)
4(510 282 283 511)
4(510 511 498 497)
4(282 269 270 283)
4(512 284 272 499)
4(511 283 284 512)
4(511 512 499 498)
4(283 270 272 284)
4(513 286 273 500)
4(512 284 286 513)
4(512 513 500 499)
4(284 272 273 286)
4(514 287 274 501)
4(513 286 287 514)
4(513 514 501 500)
4(286 273 274 287)
4(515 289 276 502)
4(514 287 289 515)
4(514 515 502 501)
4(287 274 276 289)
4(516 290 277 503)
4(515 289 290 516)
4(515 516 503 502)
4(289 276 277 290)
4(517 291 278 504)
4(516 290 291 517)
4(516 517 504 503)
4(290 277 278 291)
4(518 292 279 505)
4(517 291 292 518)
4(517 518 505 504)
4(291 278 279 292)
4(519 293 280 506)
4(518 292 293 519)
4(518 519 506 505)
4(292 279 280 293)
4(519 293 298 520)
4(519 520 507 506)
4(293 280 285 298)
4(521 294 281 508)
4(521 522 301 294)
4(521 508 509 522)
4(294 301 288 281)
4(523 295 282 510)
4(521 294 295 523)
4(521 523 510 508)
4(294 281 282 295)
4(524 296 283 511)
4(523 295 296 524)
4(523 524 511 510)
4(295 282 283 296)
4(525 297 284 512)
4(524 296 297 525)
4(524 525 512 511)
4(296 283 284 297)
4(526 299 286 513)
4(525 297 299 526)
4(525 526 513 512)
4(297 284 286 299)
4(527 300 287 514)
4(526 299 300 527)
4(526 527 514 513)
4(299 286 287 300)
4(528 302 289 515)
4(527 300 302 528)
4(527 528 515 514)
4(300 287 289 302)
4(529 303 290 516)
4(528 302 303 529)
4(528 529 516 515)
4(302 289 290 303)
4(530 304 291 517)
4(529 303 304 530)
4(529 530 517 516)
4(303 290 291 304)
4(531 305 292 518)
4(530 304 305 531)
4(530 531 518 517)
4(304 291 292 305)
4(532 306 293 519)
4(531 305 306 532)
4(531 532 519 518)
4(305 292 293 306)
4(532 306 311 533)
4(532 533 520 519)
4(306 293 298 311)
4(534 307 294 521)
4(534 521 522 535)
4(307 314 301 294)
4(536 308 295 523)
4(534 536 523 521)
4(307 294 295 308)
4(537 309 296 524)
4(536 537 524 523)
4(308 295 296 309)
4(538 310 297 525)
4(537 538 525 524)
4(309 296 297 310)
4(539 312 299 526)
4(538 539 526 525)
4(310 297 299 312)
4(540 313 300 527)
4(539 540 527 526)
4(312 299 300 313)
4(541 315 302 528)
4(540 541 528 527)
4(313 300 302 315)
4(542 316 303 529)
4(541 542 529 528)
4(315 302 303 316)
4(543 317 304 530)
4(542 543 530 529)
4(316 303 304 317)
4(544 318 305 531)
4(543 544 531 530)
4(317 304 305 318)
4(545 319 306 532)
4(544 545 532 531)
4(318 305 306 319)
4(545 546 533 532)
4(319 306 311 320)
4(534 521 645 652)
4(521 522 646 645)
4(536 523 649 657)
4(521 645 649 523)
4(537 524 654 661)
4(523 649 654 524)
4(538 525 658 664)
4(524 654 658 525)
4(539 526 662 667)
4(525 658 662 526)
4(540 527 665 670)
4(526 662 665 527)
4(541 528 668 674)
4(527 665 668 528)
4(542 529 671 677)
4(528 668 671 529)
4(543 530 675 680)
4(529 671 675 530)
4(544 531 678 682)
4(530 675 678 531)
4(545 532 681 684)
4(531 678 681 532)
4(532 681 683 533)
4(521 508 639 645)
4(508 509 642 639)
4(523 510 643 649)
4(508 639 643 510)
4(524 511 648 654)
4(510 643 648 511)
4(525 512 651 658)
4(511 648 651 512)
4(526 513 656 662)
4(512 651 656 513)
4(527 514 660 665)
4(513 656 660 514)
4(528 515 663 668)
4(514 660 663 515)
4(529 516 666 671)
4(515 663 666 516)
4(530 517 669 675)
4(516 666 669 517)
4(531 518 672 678)
4(517 669 672 518)
4(532 519 676 681)
4(518 672 676 519)
4(519 676 679 520)
4(508 496 622 639)
4(496 495 636 622)
4(510 497 627 643)
4(496 622 627 497)
4(511 498 630 648)
4(497 627 630 498)
4(512 499 633 651)
4(498 630 633 499)
4(513 500 637 656)
4(499 633 637 500)
4(514 501 640 660)
4(500 637 640 501)
4(515 502 644 663)
4(501 640 644 502)
4(516 503 647 666)
4(502 644 647 503)
4(517 504 650 669)
4(503 647 650 504)
4(518 505 655 672)
4(504 650 655 505)
4(519 506 659 676)
4(505 655 659 506)
4(506 659 673 507)
4(496 482 602 622)
4(482 483 605 602)
4(497 484 608 627)
4(482 602 608 484)
4(498 485 613 630)
4(484 608 613 485)
4(499 486 616 633)
4(485 613 616 486)
4(500 487 619 637)
4(486 616 619 487)
4(501 488 623 640)
4(487 619 623 488)
4(502 489 624 644)
4(488 623 624 489)
4(503 490 628 647)
4(489 624 628 490)
4(504 491 631 650)
4(490 628 631 491)
4(505 492 634 655)
4(491 631 634 492)
4(506 493 638 659)
4(492 634 638 493)
4(493 638 641 494)
4(482 469 591 602)
4(469 470 598 591)
4(484 471 597 608)
4(469 591 597 471)
4(485 472 601 613)
4(471 597 601 472)
4(486 473 607 616)
4(472 601 607 473)
4(487 474 611 619)
4(473 607 611 474)
4(488 475 615 623)
4(474 611 615 475)
4(489 476 618 624)
4(475 615 618 476)
4(490 477 621 628)
4(476 618 621 477)
4(491 478 625 631)
4(477 621 625 478)
4(492 479 629 634)
4(478 625 629 479)
4(493 480 632 638)
4(479 629 632 480)
4(480 632 635 481)
4(469 453 580 591)
4(453 452 582 580)
4(471 455 584 597)
4(453 580 584 455)
4(472 457 589 601)
4(455 584 589 457)
4(473 458 593 607)
4(457 589 593 458)
4(474 459 595 611)
4(458 593 595 459)
4(475 461 600 615)
4(459 595 600 461)
4(476 462 606 618)
4(461 600 606 462)
4(477 463 610 621)
4(462 606 610 463)
4(478 464 614 625)
4(463 610 614 464)
4(479 465 617 629)
4(464 614 617 465)
4(480 466 620 632)
4(465 617 620 466)
4(466 620 626 467)
4(453 323 574 580)
4(323 448 577 574)
4(455 326 578 584)
4(323 574 578 326)
4(457 329 583 589)
4(326 578 583 329)
4(458 332 586 593)
4(329 583 586 332)
4(459 335 588 595)
4(332 586 588 335)
4(461 338 592 600)
4(335 588 592 338)
4(462 341 594 606)
4(338 592 594 341)
4(463 344 596 610)
4(341 594 596 344)
4(464 347 599 614)
4(344 596 599 347)
4(465 349 603 617)
4(347 599 603 349)
4(466 351 609 620)
4(349 603 609 351)
4(351 609 612 450)
4(323 415 561 574)
4(415 414 571 561)
4(326 417 565 578)
4(415 561 565 417)
4(329 421 567 583)
4(417 565 567 421)
4(332 425 569 586)
4(421 567 569 425)
4(335 428 572 588)
4(425 569 572 428)
4(338 430 575 592)
4(428 572 575 430)
4(341 433 579 594)
4(430 575 579 433)
4(344 435 581 596)
4(433 579 581 435)
4(347 437 585 599)
4(435 581 585 437)
4(349 439 587 603)
4(437 585 587 439)
4(351 441 590 609)
4(439 587 590 441)
4(441 590 604 443)
4(415 371 550 561)
4(371 372 551 550)
4(417 374 553 565)
4(371 550 553 374)
4(421 376 555 567)
4(374 553 555 376)
4(425 378 557 569)
4(376 555 557 378)
4(428 380 559 572)
4(378 557 559 380)
4(430 382 562 575)
4(380 559 562 382)
4(433 384 564 579)
4(382 562 564 384)
4(435 386 566 581)
4(384 564 566 386)
4(437 388 568 585)
4(439 390 570 587)
4(441 392 573 590)
4(371 353 547 550)
4(374 356 549 553)
4(376 358 552 555)
4(378 360 554 557)
4(380 362 556 559)
4(382 364 558 562)
4(384 366 560 564)
4(352 370 9 0)
4(370 373 10 9)
4(0 9 10 1)
4(357 375 11 2)
4(370 9 11 375)
4(0 2 11 9)
4(359 377 12 3)
4(375 11 12 377)
4(2 3 12 11)
4(361 379 13 4)
4(377 12 13 379)
4(3 4 13 12)
4(363 381 14 5)
4(379 13 14 381)
4(4 5 14 13)
4(365 383 15 6)
4(381 14 15 383)
4(5 6 15 14)
4(367 385 16 7)
4(383 15 16 385)
4(6 7 16 15)
4(385 16 17 387)
4(7 8 17 16)
4(370 397 22 9)
4(397 398 23 22)
4(9 22 23 10)
4(375 401 24 11)
4(397 22 24 401)
4(9 11 24 22)
4(377 403 25 12)
4(401 24 25 403)
4(11 12 25 24)
4(379 405 26 13)
4(403 25 26 405)
4(12 13 26 25)
4(381 407 27 14)
4(405 26 27 407)
4(13 14 27 26)
4(383 409 28 15)
4(407 27 28 409)
4(14 15 28 27)
4(385 411 29 16)
4(409 28 29 411)
4(15 16 29 28)
4(387 413 30 17)
4(411 29 30 413)
4(16 17 30 29)
4(389 418 31 18)
4(413 30 31 418)
4(17 18 31 30)
4(391 420 32 19)
4(418 31 32 420)
4(18 19 32 31)
4(393 424 33 20)
4(420 32 33 424)
4(19 20 33 32)
4(424 33 34 427)
4(20 21 34 33)
4(397 396 35 22)
4(396 399 36 35)
4(22 35 36 23)
4(401 400 37 24)
4(396 35 37 400)
4(22 24 37 35)
4(403 402 38 25)
4(400 37 38 402)
4(24 25 38 37)
4(405 404 39 26)
4(402 38 39 404)
4(25 26 39 38)
4(407 406 40 27)
4(404 39 40 406)
4(26 27 40 39)
4(409 408 41 28)
4(406 40 41 408)
4(27 28 41 40)
4(411 410 42 29)
4(408 41 42 410)
4(28 29 42 41)
4(413 412 43 30)
4(410 42 43 412)
4(29 30 43 42)
4(418 416 44 31)
4(412 43 44 416)
4(30 31 44 43)
4(420 419 45 32)
4(416 44 45 419)
4(31 32 45 44)
4(424 422 46 33)
4(419 45 46 422)
4(32 33 46 45)
4(422 46 47 426)
4(33 34 47 46)
4(396 423 48 35)
4(423 432 49 48)
4(35 48 49 36)
4(400 429 50 37)
4(423 48 50 429)
4(35 37 50 48)
4(402 431 51 38)
4(429 50 51 431)
4(37 38 51 50)
4(404 434 52 39)
4(431 51 52 434)
4(38 39 52 51)
4(406 436 53 40)
4(434 52 53 436)
4(39 40 53 52)
4(408 438 54 41)
4(436 53 54 438)
4(40 41 54 53)
4(410 440 55 42)
4(438 54 55 440)
4(41 42 55 54)
4(412 442 56 43)
4(440 55 56 442)
4(42 43 56 55)
4(416 444 57 44)
4(442 56 57 444)
4(43 44 57 56)
4(419 445 58 45)
4(444 57 58 445)
4(44 45 58 57)
4(422 446 59 46)
4(445 58 59 446)
4(45 46 59 58)
4(446 59 60 447)
4(46 47 60 59)
4(423 322 61 48)
4(322 449 62 61)
4(48 61 62 49)
4(429 325 63 50)
4(322 61 63 325)
4(48 50 63 61)
4(431 328 64 51)
4(325 63 64 328)
4(50 51 64 63)
4(434 331 65 52)
4(328 64 65 331)
4(51 52 65 64)
4(436 334 66 53)
4(331 65 66 334)
4(52 53 66 65)
4(438 337 67 54)
4(334 66 67 337)
4(53 54 67 66)
4(440 340 68 55)
4(337 67 68 340)
4(54 55 68 67)
4(442 343 69 56)
4(340 68 69 343)
4(55 56 69 68)
4(444 346 70 57)
4(343 69 70 346)
4(56 57 70 69)
4(445 348 71 58)
4(346 70 71 348)
4(57 58 71 70)
4(446 350 72 59)
4(348 71 72 350)
4(58 59 72 71)
4(350 72 73 451)
4(59 60 73 72)
4(322 321 74 61)
4(321 454 75 74)
4(322 449 454 321)
4(61 74 75 62)
4(325 324 76 63)
4(321 74 76 324)
4(322 321 324 325)
4(61 63 76 74)
4(328 327 77 64)
4(324 76 77 327)
4(325 324 327 328)
4(63 64 77 76)
4(331 330 78 65)
4(327 77 78 330)
4(328 327 330 331)
4(64 65 78 77)
4(334 333 79 66)
4(330 78 79 333)
4(331 330 333 334)
4(65 66 79 78)
4(337 336 80 67)
4(333 79 80 336)
4(334 333 336 337)
4(66 67 80 79)
4(340 339 81 68)
4(336 80 81 339)
4(337 336 339 340)
4(67 68 81 80)
4(343 342 82 69)
4(339 81 82 342)
4(340 339 342 343)
4(68 69 82 81)
4(346 345 83 70)
4(342 82 83 345)
4(343 342 345 346)
4(69 70 83 82)
4(348 207 84 71)
4(345 83 84 207)
4(346 345 207 348)
4(70 71 84 83)
4(350 211 85 72)
4(207 84 85 211)
4(348 207 211 350)
4(71 72 85 84)
4(211 85 86 468)
4(350 211 468 451)
4(72 73 86 85)
4(321 456 87 74)
4(456 460 88 87)
4(74 87 88 75)
4(324 209 89 76)
4(456 87 89 209)
4(74 76 89 87)
4(327 213 90 77)
4(209 89 90 213)
4(76 77 90 89)
4(330 215 91 78)
4(213 90 91 215)
4(77 78 91 90)
4(333 218 92 79)
4(215 91 92 218)
4(78 79 92 91)
4(336 220 93 80)
4(218 92 93 220)
4(79 80 93 92)
4(339 224 94 81)
4(220 93 94 224)
4(80 81 94 93)
4(342 205 95 82)
4(224 94 95 205)
4(81 82 95 94)
4(345 204 96 83)
4(205 95 96 204)
4(82 83 96 95)
4(207 206 97 84)
4(204 96 97 206)
4(83 84 97 96)
4(211 210 98 85)
4(206 97 98 210)
4(84 85 98 97)
4(210 98 99 216)
4(85 86 99 98)
4(456 222 100 87)
4(222 221 101 100)
4(87 100 101 88)
4(209 208 102 89)
4(222 100 102 208)
4(87 89 102 100)
4(213 212 103 90)
4(208 102 103 212)
4(89 90 103 102)
4(215 214 104 91)
4(212 103 104 214)
4(90 91 104 103)
4(218 217 105 92)
4(214 104 105 217)
4(91 92 105 104)
4(220 219 106 93)
4(217 105 106 219)
4(92 93 106 105)
4(224 223 107 94)
4(219 106 107 223)
4(93 94 107 106)
4(205 225 108 95)
4(223 107 108 225)
4(94 95 108 107)
4(204 226 109 96)
4(225 108 109 226)
4(95 96 109 108)
4(206 227 110 97)
4(226 109 110 227)
4(96 97 110 109)
4(210 228 111 98)
4(227 110 111 228)
4(97 98 111 110)
4(228 111 112 233)
4(98 99 112 111)
4(222 229 113 100)
4(229 236 114 113)
4(100 113 114 101)
4(208 230 115 102)
4(229 113 115 230)
4(100 102 115 113)
4(212 231 116 103)
4(230 115 116 231)
4(102 103 116 115)
4(214 232 117 104)
4(231 116 117 232)
4(103 104 117 116)
4(217 234 118 105)
4(232 117 118 234)
4(104 105 118 117)
4(219 235 119 106)
4(234 118 119 235)
4(105 106 119 118)
4(223 237 120 107)
4(235 119 120 237)
4(106 107 120 119)
4(225 238 121 108)
4(237 120 121 238)
4(107 108 121 120)
4(226 239 122 109)
4(238 121 122 239)
4(108 109 122 121)
4(227 240 123 110)
4(239 122 123 240)
4(109 110 123 122)
4(228 241 124 111)
4(240 123 124 241)
4(110 111 124 123)
4(241 124 125 246)
4(111 112 125 124)
4(229 242 126 113)
4(242 248 127 126)
4(113 126 127 114)
4(230 243 128 115)
4(242 126 128 243)
4(113 115 128 126)
4(231 244 129 116)
4(243 128 129 244)
4(115 116 129 128)
4(232 245 130 117)
4(244 129 130 245)
4(116 117 130 129)
4(234 247 131 118)
4(245 130 131 247)
4(117 118 131 130)
4(235 249 132 119)
4(247 131 132 249)
4(118 119 132 131)
4(237 250 133 120)
4(249 132 133 250)
4(119 120 133 132)
4(238 251 134 121)
4(250 133 134 251)
4(120 121 134 133)
4(239 252 135 122)
4(251 134 135 252)
4(121 122 135 134)
4(240 254 136 123)
4(252 135 136 254)
4(122 123 136 135)
4(241 255 137 124)
4(254 136 137 255)
4(123 124 137 136)
4(255 137 138 263)
4(124 125 138 137)
4(242 253 139 126)
4(253 257 140 139)
4(126 139 140 127)
4(243 256 141 128)
4(253 139 141 256)
4(126 128 141 139)
4(244 258 142 129)
4(256 141 142 258)
4(128 129 142 141)
4(245 259 143 130)
4(258 142 143 259)
4(129 130 143 142)
4(247 260 144 131)
4(259 143 144 260)
4(130 131 144 143)
4(249 261 145 132)
4(260 144 145 261)
4(131 132 145 144)
4(250 262 146 133)
4(261 145 146 262)
4(132 133 146 145)
4(251 264 147 134)
4(262 146 147 264)
4(133 134 147 146)
4(252 265 148 135)
4(264 147 148 265)
4(134 135 148 147)
4(254 267 149 136)
4(265 148 149 267)
4(135 136 149 148)
4(255 268 150 137)
4(267 149 150 268)
4(136 137 150 149)
4(268 150 151 271)
4(137 138 151 150)
4(253 266 152 139)
4(266 275 153 152)
4(139 152 153 140)
4(256 269 154 141)
4(266 152 154 269)
4(139 141 154 152)
4(258 270 155 142)
4(269 154 155 270)
4(141 142 155 154)
4(259 272 156 143)
4(270 155 156 272)
4(142 143 156 155)
4(260 273 157 144)
4(272 156 157 273)
4(143 144 157 156)
4(261 274 158 145)
4(273 157 158 274)
4(144 145 158 157)
4(262 276 159 146)
4(274 158 159 276)
4(145 146 159 158)
4(264 277 160 147)
4(276 159 160 277)
4(146 147 160 159)
4(265 278 161 148)
4(277 160 161 278)
4(147 148 161 160)
4(267 279 162 149)
4(278 161 162 279)
4(148 149 162 161)
4(268 280 163 150)
4(279 162 163 280)
4(149 150 163 162)
4(280 163 164 285)
4(150 151 164 163)
4(266 281 165 152)
4(281 288 166 165)
4(152 165 166 153)
4(269 282 167 154)
4(281 165 167 282)
4(152 154 167 165)
4(270 283 168 155)
4(282 167 168 283)
4(154 155 168 167)
4(272 284 169 156)
4(283 168 169 284)
4(155 156 169 168)
4(273 286 170 157)
4(284 169 170 286)
4(156 157 170 169)
4(274 287 171 158)
4(286 170 171 287)
4(157 158 171 170)
4(276 289 172 159)
4(287 171 172 289)
4(158 159 172 171)
4(277 290 173 160)
4(289 172 173 290)
4(159 160 173 172)
4(278 291 174 161)
4(290 173 174 291)
4(160 161 174 173)
4(279 292 175 162)
4(291 174 175 292)
4(161 162 175 174)
4(280 293 176 163)
4(292 175 176 293)
4(162 163 176 175)
4(293 176 177 298)
4(163 164 177 176)
4(281 294 178 165)
4(294 301 179 178)
4(165 178 179 166)
4(282 295 180 167)
4(294 178 180 295)
4(165 167 180 178)
4(283 296 181 168)
4(295 180 181 296)
4(167 168 181 180)
4(284 297 182 169)
4(296 181 182 297)
4(168 169 182 181)
4(286 299 183 170)
4(297 182 183 299)
4(169 170 183 182)
4(287 300 184 171)
4(299 183 184 300)
4(170 171 184 183)
4(289 302 185 172)
4(300 184 185 302)
4(171 172 185 184)
4(290 303 186 173)
4(302 185 186 303)
4(172 173 186 185)
4(291 304 187 174)
4(303 186 187 304)
4(173 174 187 186)
4(292 305 188 175)
4(304 187 188 305)
4(174 175 188 187)
4(293 306 189 176)
4(305 188 189 306)
4(175 176 189 188)
4(306 189 190 311)
4(176 177 190 189)
4(294 307 191 178)
4(178 191 192 179)
4(295 308 193 180)
4(178 180 193 191)
4(296 309 194 181)
4(180 181 194 193)
4(297 310 195 182)
4(181 182 195 194)
4(299 312 196 183)
4(182 183 196 195)
4(300 313 197 184)
4(183 184 197 196)
4(302 315 198 185)
4(184 185 198 197)
4(303 316 199 186)
4(185 186 199 198)
4(304 317 200 187)
4(186 187 200 199)
4(305 318 201 188)
4(187 188 201 200)
4(306 319 202 189)
4(188 189 202 201)
4(189 190 203 202)
3(323 321 322)
3(326 324 325)
3(329 327 328)
3(332 330 331)
3(335 333 334)
3(338 336 337)
3(341 339 340)
3(344 342 343)
3(347 345 346)
3(349 207 348)
3(351 211 350)
4(1112 838 811 1040)
4(1112 1111 845 838)
4(1112 1040 1043 1111)
4(838 845 829 811)
4(1117 842 813 1048)
4(1112 838 842 1117)
4(1112 1117 1048 1040)
4(838 811 813 842)
4(1130 848 815 1055)
4(1117 842 848 1130)
4(1117 1130 1055 1048)
4(842 813 815 848)
4(1133 850 818 1058)
4(1130 848 850 1133)
4(1130 1133 1058 1055)
4(848 815 818 850)
4(1138 852 820 1063)
4(1133 850 852 1138)
4(1133 1138 1063 1058)
4(850 818 820 852)
4(1143 854 823 1066)
4(1138 852 854 1143)
4(1138 1143 1066 1063)
4(852 820 823 854)
4(1150 856 826 1069)
4(1143 854 856 1150)
4(1143 1150 1069 1066)
4(854 823 826 856)
4(1150 856 858 1157)
4(1150 1157 1074 1069)
4(856 826 831 858)
4(1216 868 838 1112)
4(1216 1217 898 868)
4(1216 1112 1111 1217)
4(868 898 845 838)
4(1220 874 842 1117)
4(1216 868 874 1220)
4(1216 1220 1117 1112)
4(868 838 842 874)
4(1229 878 848 1130)
4(1220 874 878 1229)
4(1220 1229 1130 1117)
4(874 842 848 878)
4(1234 882 850 1133)
4(1229 878 882 1234)
4(1229 1234 1133 1130)
4(878 848 850 882)
4(1239 886 852 1138)
4(1234 882 886 1239)
4(1234 1239 1138 1133)
4(882 850 852 886)
4(1244 888 854 1143)
4(1239 886 888 1244)
4(1239 1244 1143 1138)
4(886 852 854 888)
4(1249 890 856 1150)
4(1244 888 890 1249)
4(1244 1249 1150 1143)
4(888 854 856 890)
4(1252 894 858 1157)
4(1249 890 894 1252)
4(1249 1252 1157 1150)
4(890 856 858 894)
4(1257 896 860 1164)
4(1252 894 896 1257)
4(1252 1257 1164 1157)
4(894 858 860 896)
4(1260 900 862 1171)
4(1257 896 900 1260)
4(1257 1260 1171 1164)
4(896 860 862 900)
4(1261 902 864 1176)
4(1260 900 902 1261)
4(1260 1261 1176 1171)
4(900 862 864 902)
4(1266 904 866 1183)
4(1261 902 904 1266)
4(1261 1266 1183 1176)
4(902 864 866 904)
4(1271 906 870 1190)
4(1266 904 906 1271)
4(1266 1271 1190 1183)
4(904 866 870 906)
4(1278 908 872 1193)
4(1271 906 908 1278)
4(1271 1278 1193 1190)
4(906 870 872 908)
4(1283 910 876 1198)
4(1278 908 910 1283)
4(1278 1283 1198 1193)
4(908 872 876 910)
4(1288 912 880 1203)
4(1283 910 912 1288)
4(1283 1288 1203 1198)
4(910 876 880 912)
4(1293 914 884 1208)
4(1288 912 914 1293)
4(1288 1293 1208 1203)
4(912 880 884 914)
4(1293 914 929 1296)
4(1293 1296 1211 1208)
4(914 884 893 929)
4(1303 916 868 1216)
4(1303 1306 934 916)
4(1303 1216 1217 1306)
4(916 934 898 868)
4(1307 918 874 1220)
4(1303 916 918 1307)
4(1303 1307 1220 1216)
4(916 868 874 918)
4(1310 920 878 1229)
4(1307 918 920 1310)
4(1307 1310 1229 1220)
4(918 874 878 920)
4(1313 922 882 1234)
4(1310 920 922 1313)
4(1310 1313 1234 1229)
4(920 878 882 922)
4(1316 924 886 1239)
4(1313 922 924 1316)
4(1313 1316 1239 1234)
4(922 882 886 924)
4(1321 926 888 1244)
4(1316 924 926 1321)
4(1316 1321 1244 1239)
4(924 886 888 926)
4(1326 930 890 1249)
4(1321 926 930 1326)
4(1321 1326 1249 1244)
4(926 888 890 930)
4(1331 932 894 1252)
4(1326 930 932 1331)
4(1326 1331 1252 1249)
4(930 890 894 932)
4(1336 936 896 1257)
4(1331 932 936 1336)
4(1331 1336 1257 1252)
4(932 894 896 936)
4(1341 938 900 1260)
4(1336 936 938 1341)
4(1336 1341 1260 1257)
4(936 896 900 938)
4(1344 940 902 1261)
4(1341 938 940 1344)
4(1341 1344 1261 1260)
4(938 900 902 940)
4(1347 942 904 1266)
4(1344 940 942 1347)
4(1344 1347 1266 1261)
4(940 902 904 942)
4(1352 944 906 1271)
4(1347 942 944 1352)
4(1347 1352 1271 1266)
4(942 904 906 944)
4(1355 946 908 1278)
4(1352 944 946 1355)
4(1352 1355 1278 1271)
4(944 906 908 946)
4(1358 948 910 1283)
4(1355 946 948 1358)
4(1355 1358 1283 1278)
4(946 908 910 948)
4(1361 950 912 1288)
4(1358 948 950 1361)
4(1358 1361 1288 1283)
4(948 910 912 950)
4(1364 952 914 1293)
4(1361 950 952 1364)
4(1361 1364 1293 1288)
4(950 912 914 952)
4(1364 952 967 1367)
4(1364 1367 1296 1293)
4(952 914 929 967)
4(1372 954 916 1303)
4(1372 1375 972 954)
4(1372 1303 1306 1375)
4(954 972 934 916)
4(1380 956 918 1307)
4(1372 954 956 1380)
4(1372 1380 1307 1303)
4(954 916 918 956)
4(1387 958 920 1310)
4(1380 956 958 1387)
4(1380 1387 1310 1307)
4(956 918 920 958)
4(1390 960 922 1313)
4(1387 958 960 1390)
4(1387 1390 1313 1310)
4(958 920 922 960)
4(1395 962 924 1316)
4(1390 960 962 1395)
4(1390 1395 1316 1313)
4(960 922 924 962)
4(1398 964 926 1321)
4(1395 962 964 1398)
4(1395 1398 1321 1316)
4(962 924 926 964)
4(1401 968 930 1326)
4(1398 964 968 1401)
4(1398 1401 1326 1321)
4(964 926 930 968)
4(1406 970 932 1331)
4(1401 968 970 1406)
4(1401 1406 1331 1326)
4(968 930 932 970)
4(1409 974 936 1336)
4(1406 970 974 1409)
4(1406 1409 1336 1331)
4(970 932 936 974)
4(1412 976 938 1341)
4(1409 974 976 1412)
4(1409 1412 1341 1336)
4(974 936 938 976)
4(1413 978 940 1344)
4(1412 976 978 1413)
4(1412 1413 1344 1341)
4(976 938 940 978)
4(1418 980 942 1347)
4(1413 978 980 1418)
4(1413 1418 1347 1344)
4(978 940 942 980)
4(1421 982 944 1352)
4(1418 980 982 1421)
4(1418 1421 1352 1347)
4(980 942 944 982)
4(1424 984 946 1355)
4(1421 982 984 1424)
4(1421 1424 1355 1352)
4(982 944 946 984)
4(1431 986 948 1358)
4(1424 984 986 1431)
4(1424 1431 1358 1355)
4(984 946 948 986)
4(1436 988 950 1361)
4(1431 986 988 1436)
4(1431 1436 1361 1358)
4(986 948 950 988)
4(1441 990 952 1364)
4(1436 988 990 1441)
4(1436 1441 1364 1361)
4(988 950 952 990)
4(1441 990 1005 1444)
4(1441 1444 1367 1364)
4(990 952 967 1005)
4(1451 992 954 1372)
4(1451 1452 1010 992)
4(1451 1372 1375 1452)
4(992 1010 972 954)
4(1455 994 956 1380)
4(1451 992 994 1455)
4(1451 1455 1380 1372)
4(992 954 956 994)
4(1460 996 958 1387)
4(1455 994 996 1460)
4(1455 1460 1387 1380)
4(994 956 958 996)
4(1461 998 960 1390)
4(1460 996 998 1461)
4(1460 1461 1390 1387)
4(996 958 960 998)
4(686 1000 962 1395)
4(1461 998 1000 686)
4(1461 686 1395 1390)
4(998 960 962 1000)
4(688 1002 964 1398)
4(686 1000 1002 688)
4(686 688 1398 1395)
4(1000 962 964 1002)
4(692 1006 968 1401)
4(688 1002 1006 692)
4(688 692 1401 1398)
4(1002 964 968 1006)
4(695 1008 970 1406)
4(692 1006 1008 695)
4(692 695 1406 1401)
4(1006 968 970 1008)
4(698 1012 974 1409)
4(695 1008 1012 698)
4(695 698 1409 1406)
4(1008 970 974 1012)
4(701 1014 976 1412)
4(698 1012 1014 701)
4(698 701 1412 1409)
4(1012 974 976 1014)
4(703 1016 978 1413)
4(701 1014 1016 703)
4(701 703 1413 1412)
4(1014 976 978 1016)
4(705 1018 980 1418)
4(703 1016 1018 705)
4(703 705 1418 1413)
4(1016 978 980 1018)
4(1490 1020 982 1421)
4(705 1018 1020 1490)
4(705 1490 1421 1418)
4(1018 980 982 1020)
4(1497 1022 984 1424)
4(1490 1020 1022 1497)
4(1490 1497 1424 1421)
4(1020 982 984 1022)
4(1502 1024 986 1431)
4(1497 1022 1024 1502)
4(1497 1502 1431 1424)
4(1022 984 986 1024)
4(1509 1026 988 1436)
4(1502 1024 1026 1509)
4(1502 1509 1436 1431)
4(1024 986 988 1026)
4(1514 1028 990 1441)
4(1509 1026 1028 1514)
4(1509 1514 1441 1436)
4(1026 988 990 1028)
4(1514 1028 1045 1519)
4(1514 1519 1444 1441)
4(1028 990 1005 1045)
4(691 1030 992 1451)
4(691 690 1051 1030)
4(691 1451 1452 690)
4(1030 1051 1010 992)
4(694 1032 994 1455)
4(691 1030 1032 694)
4(691 694 1455 1451)
4(1030 992 994 1032)
4(697 1034 996 1460)
4(694 1032 1034 697)
4(694 697 1460 1455)
4(1032 994 996 1034)
4(700 1036 998 1461)
4(697 1034 1036 700)
4(697 700 1461 1460)
4(1034 996 998 1036)
4(687 1038 1000 686)
4(700 1036 1038 687)
4(700 687 686 1461)
4(1036 998 1000 1038)
4(689 1041 1002 688)
4(687 1038 1041 689)
4(687 689 688 686)
4(1038 1000 1002 1041)
4(693 1046 1006 692)
4(689 1041 1046 693)
4(689 693 692 688)
4(1041 1002 1006 1046)
4(696 1049 1008 695)
4(693 1046 1049 696)
4(693 696 695 692)
4(1046 1006 1008 1049)
4(699 1053 1012 698)
4(696 1049 1053 699)
4(696 699 698 695)
4(1049 1008 1012 1053)
4(702 1056 1014 701)
4(699 1053 1056 702)
4(699 702 701 698)
4(1053 1012 1014 1056)
4(704 1059 1016 703)
4(702 1056 1059 704)
4(702 704 703 701)
4(1056 1014 1016 1059)
4(706 1061 1018 705)
4(704 1059 1061 706)
4(704 706 705 703)
4(1059 1016 1018 1061)
4(1573 1064 1020 1490)
4(706 1061 1064 1573)
4(706 1573 1490 705)
4(1061 1018 1020 1064)
4(1578 1067 1022 1497)
4(1573 1064 1067 1578)
4(1573 1578 1497 1490)
4(1064 1020 1022 1067)
4(1581 1070 1024 1502)
4(1578 1067 1070 1581)
4(1578 1581 1502 1497)
4(1067 1022 1024 1070)
4(1586 1072 1026 1509)
4(1581 1070 1072 1586)
4(1581 1586 1509 1502)
4(1070 1024 1026 1072)
4(1587 1075 1028 1514)
4(1586 1072 1075 1587)
4(1586 1587 1514 1509)
4(1072 1026 1028 1075)
4(1587 1075 1090 1590)
4(1587 1590 1519 1514)
4(1075 1028 1045 1090)
4(691 1107 1077 1030)
4(691 690 1122 1107)
4(1030 1077 1095 1051)
4(1107 1122 1095 1077)
4(694 1115 1079 1032)
4(691 1107 1115 694)
4(1030 1032 1079 1077)
4(1107 1077 1079 1115)
4(697 1120 1081 1034)
4(694 1115 1120 697)
4(1032 1034 1081 1079)
4(1115 1079 1081 1120)
4(700 1126 1083 1036)
4(697 1120 1126 700)
4(1034 1036 1083 1081)
4(1120 1081 1083 1126)
4(687 1128 1085 1038)
4(700 1126 1128 687)
4(1036 1038 1085 1083)
4(1126 1083 1085 1128)
4(689 1131 1087 1041)
4(687 1128 1131 689)
4(1038 1041 1087 1085)
4(1128 1085 1087 1131)
4(693 1134 1091 1046)
4(689 1131 1134 693)
4(1041 1046 1091 1087)
4(1131 1087 1091 1134)
4(696 1136 1093 1049)
4(693 1134 1136 696)
4(1046 1049 1093 1091)
4(1134 1091 1093 1136)
4(699 1139 1097 1053)
4(696 1136 1139 699)
4(1049 1053 1097 1093)
4(1136 1093 1097 1139)
4(702 1141 1099 1056)
4(699 1139 1141 702)
4(1053 1056 1099 1097)
4(1139 1097 1099 1141)
4(704 1144 1101 1059)
4(702 1141 1144 704)
4(1056 1059 1101 1099)
4(1141 1099 1101 1144)
4(706 1146 1103 1061)
4(704 1144 1146 706)
4(1059 1061 1103 1101)
4(1144 1101 1103 1146)
4(1573 1151 1105 1064)
4(706 1146 1151 1573)
4(1061 1064 1105 1103)
4(1146 1103 1105 1151)
4(1578 1155 1109 1067)
4(1573 1151 1155 1578)
4(1064 1067 1109 1105)
4(1151 1105 1109 1155)
4(1581 1158 1113 1070)
4(1578 1155 1158 1581)
4(1067 1070 1113 1109)
4(1155 1109 1113 1158)
4(1586 1162 1118 1072)
4(1581 1158 1162 1586)
4(1070 1072 1118 1113)
4(1158 1113 1118 1162)
4(1587 1167 1124 1075)
4(1586 1162 1167 1587)
4(1072 1075 1124 1118)
4(1162 1118 1124 1167)
4(1587 1167 1178 1590)
4(1075 1090 1149 1124)
4(1167 1124 1149 1178)
4(707 1153 1107 691)
4(707 718 1184 1153)
4(707 691 690 718)
4(1153 1184 1122 1107)
4(708 1160 1115 694)
4(707 1153 1160 708)
4(707 708 694 691)
4(1153 1107 1115 1160)
4(709 1165 1120 697)
4(708 1160 1165 709)
4(708 709 697 694)
4(1160 1115 1120 1165)
4(710 1169 1126 700)
4(709 1165 1169 710)
4(709 710 700 697)
4(1165 1120 1126 1169)
4(711 1172 1128 687)
4(710 1169 1172 711)
4(710 711 687 700)
4(1169 1126 1128 1172)
4(712 1174 1131 689)
4(711 1172 1174 712)
4(711 712 689 687)
4(1172 1128 1131 1174)
4(713 1179 1134 693)
4(712 1174 1179 713)
4(712 713 693 689)
4(1174 1131 1134 1179)
4(714 1181 1136 696)
4(713 1179 1181 714)
4(713 714 696 693)
4(1179 1134 1136 1181)
4(715 1186 1139 699)
4(714 1181 1186 715)
4(714 715 699 696)
4(1181 1136 1139 1186)
4(716 1188 1141 702)
4(715 1186 1188 716)
4(715 716 702 699)
4(1186 1139 1141 1188)
4(717 1191 1144 704)
4(716 1188 1191 717)
4(716 717 704 702)
4(1188 1141 1144 1191)
4(719 1194 1146 706)
4(717 1191 1194 719)
4(717 719 706 704)
4(1191 1144 1146 1194)
4(1669 1196 1151 1573)
4(719 1194 1196 1669)
4(719 1669 1573 706)
4(1194 1146 1151 1196)
4(1670 1199 1155 1578)
4(1669 1196 1199 1670)
4(1669 1670 1578 1573)
4(1196 1151 1155 1199)
4(1671 1201 1158 1581)
4(1670 1199 1201 1671)
4(1670 1671 1581 1578)
4(1199 1155 1158 1201)
4(1672 1204 1162 1586)
4(1671 1201 1204 1672)
4(1671 1672 1586 1581)
4(1201 1158 1162 1204)
4(1673 1206 1167 1587)
4(1672 1204 1206 1673)
4(1672 1673 1587 1586)
4(1204 1162 1167 1206)
4(1673 1206 1226 1674)
4(1673 1674 1590 1587)
4(1206 1167 1178 1226)
4(720 1209 1153 707)
4(720 726 1232 1209)
4(720 707 718 726)
4(1209 1232 1184 1153)
4(721 1212 1160 708)
4(720 1209 1212 721)
4(720 721 708 707)
4(1209 1153 1160 1212)
4(722 1214 1165 709)
4(721 1212 1214 722)
4(721 722 709 708)
4(1212 1160 1165 1214)
4(723 1218 1169 710)
4(722 1214 1218 723)
4(722 723 710 709)
4(1214 1165 1169 1218)
4(724 1221 1172 711)
4(723 1218 1221 724)
4(723 724 711 710)
4(1218 1169 1172 1221)
4(725 1223 1174 712)
4(724 1221 1223 725)
4(724 725 712 711)
4(1221 1172 1174 1223)
4(727 1227 1179 713)
4(725 1223 1227 727)
4(725 727 713 712)
4(1223 1174 1179 1227)
4(728 1230 1181 714)
4(727 1227 1230 728)
4(727 728 714 713)
4(1227 1179 1181 1230)
4(729 1235 1186 715)
4(728 1230 1235 729)
4(728 729 715 714)
4(1230 1181 1186 1235)
4(730 1237 1188 716)
4(729 1235 1237 730)
4(729 730 716 715)
4(1235 1186 1188 1237)
4(731 1240 1191 717)
4(730 1237 1240 731)
4(730 731 717 716)
4(1237 1188 1191 1240)
4(732 1242 1194 719)
4(731 1240 1242 732)
4(731 732 719 717)
4(1240 1191 1194 1242)
4(1679 1245 1196 1669)
4(732 1242 1245 1679)
4(732 1679 1669 719)
4(1242 1194 1196 1245)
4(1680 1247 1199 1670)
4(1679 1245 1247 1680)
4(1679 1680 1670 1669)
4(1245 1196 1199 1247)
4(1682 1250 1201 1671)
4(1680 1247 1250 1682)
4(1680 1682 1671 1670)
4(1247 1199 1201 1250)
4(1683 1253 1204 1672)
4(1682 1250 1253 1683)
4(1682 1683 1672 1671)
4(1250 1201 1204 1253)
4(1684 1255 1206 1673)
4(1683 1253 1255 1684)
4(1683 1684 1673 1672)
4(1253 1204 1206 1255)
4(1684 1255 1275 1685)
4(1684 1685 1674 1673)
4(1255 1206 1226 1275)
4(733 1258 1209 720)
4(733 739 1281 1258)
4(733 720 726 739)
4(1258 1281 1232 1209)
4(734 1262 1212 721)
4(733 1258 1262 734)
4(733 734 721 720)
4(1258 1209 1212 1262)
4(735 1264 1214 722)
4(734 1262 1264 735)
4(734 735 722 721)
4(1262 1212 1214 1264)
4(736 1267 1218 723)
4(735 1264 1267 736)
4(735 736 723 722)
4(1264 1214 1218 1267)
4(737 1269 1221 724)
4(736 1267 1269 737)
4(736 737 724 723)
4(1267 1218 1221 1269)
4(738 1272 1223 725)
4(737 1269 1272 738)
4(737 738 725 724)
4(1269 1221 1223 1272)
4(740 1276 1227 727)
4(738 1272 1276 740)
4(738 740 727 725)
4(1272 1223 1227 1276)
4(741 1279 1230 728)
4(740 1276 1279 741)
4(740 741 728 727)
4(1276 1227 1230 1279)
4(742 1284 1235 729)
4(741 1279 1284 742)
4(741 742 729 728)
4(1279 1230 1235 1284)
4(743 1286 1237 730)
4(742 1284 1286 743)
4(742 743 730 729)
4(1284 1235 1237 1286)
4(744 1289 1240 731)
4(743 1286 1289 744)
4(743 744 731 730)
4(1286 1237 1240 1289)
4(745 1291 1242 732)
4(744 1289 1291 745)
4(744 745 732 731)
4(1289 1240 1242 1291)
4(1687 1294 1245 1679)
4(745 1291 1294 1687)
4(745 1687 1679 732)
4(1291 1242 1245 1294)
4(1690 1297 1247 1680)
4(1687 1294 1297 1690)
4(1687 1690 1680 1679)
4(1294 1245 1247 1297)
4(1691 1299 1250 1682)
4(1690 1297 1299 1691)
4(1690 1691 1682 1680)
4(1297 1247 1250 1299)
4(1692 1301 1253 1683)
4(1691 1299 1301 1692)
4(1691 1692 1683 1682)
4(1299 1250 1253 1301)
4(1693 1304 1255 1684)
4(1692 1301 1304 1693)
4(1692 1693 1684 1683)
4(1301 1253 1255 1304)
4(1693 1304 1325 1694)
4(1693 1694 1685 1684)
4(1304 1255 1275 1325)
4(746 1308 1258 733)
4(746 752 1332 1308)
4(746 733 739 752)
4(1308 1332 1281 1258)
4(747 1311 1262 734)
4(746 1308 1311 747)
4(746 747 734 733)
4(1308 1258 1262 1311)
4(748 1314 1264 735)
4(747 1311 1314 748)
4(747 748 735 734)
4(1311 1262 1264 1314)
4(749 1317 1267 736)
4(748 1314 1317 749)
4(748 749 736 735)
4(1314 1264 1267 1317)
4(750 1319 1269 737)
4(749 1317 1319 750)
4(749 750 737 736)
4(1317 1267 1269 1319)
4(751 1322 1272 738)
4(750 1319 1322 751)
4(750 751 738 737)
4(1319 1269 1272 1322)
4(753 1327 1276 740)
4(751 1322 1327 753)
4(751 753 740 738)
4(1322 1272 1276 1327)
4(754 1329 1279 741)
4(753 1327 1329 754)
4(753 754 741 740)
4(1327 1276 1279 1329)
4(755 1334 1284 742)
4(754 1329 1334 755)
4(754 755 742 741)
4(1329 1279 1284 1334)
4(756 1337 1286 743)
4(755 1334 1337 756)
4(755 756 743 742)
4(1334 1284 1286 1337)
4(757 1339 1289 744)
4(756 1337 1339 757)
4(756 757 744 743)
4(1337 1286 1289 1339)
4(758 1342 1291 745)
4(757 1339 1342 758)
4(757 758 745 744)
4(1339 1289 1291 1342)
4(1689 1345 1294 1687)
4(758 1342 1345 1689)
4(758 1689 1687 745)
4(1342 1291 1294 1345)
4(1699 1348 1297 1690)
4(1689 1345 1348 1699)
4(1689 1699 1690 1687)
4(1345 1294 1297 1348)
4(1700 1350 1299 1691)
4(1699 1348 1350 1700)
4(1699 1700 1691 1690)
4(1348 1297 1299 1350)
4(1701 1353 1301 1692)
4(1700 1350 1353 1701)
4(1700 1701 1692 1691)
4(1350 1299 1301 1353)
4(1702 1356 1304 1693)
4(1701 1353 1356 1702)
4(1701 1702 1693 1692)
4(1353 1301 1304 1356)
4(1702 1356 1377 1703)
4(1702 1703 1694 1693)
4(1356 1304 1325 1377)
4(759 1359 1308 746)
4(759 765 1383 1359)
4(759 746 752 765)
4(1359 1383 1332 1308)
4(760 1362 1311 747)
4(759 1359 1362 760)
4(759 760 747 746)
4(1359 1308 1311 1362)
4(761 1365 1314 748)
4(760 1362 1365 761)
4(760 761 748 747)
4(1362 1311 1314 1365)
4(762 1368 1317 749)
4(761 1365 1368 762)
4(761 762 749 748)
4(1365 1314 1317 1368)
4(763 1370 1319 750)
4(762 1368 1370 763)
4(762 763 750 749)
4(1368 1317 1319 1370)
4(764 1373 1322 751)
4(763 1370 1373 764)
4(763 764 751 750)
4(1370 1319 1322 1373)
4(766 1378 1327 753)
4(764 1373 1378 766)
4(764 766 753 751)
4(1373 1322 1327 1378)
4(767 1381 1329 754)
4(766 1378 1381 767)
4(766 767 754 753)
4(1378 1327 1329 1381)
4(768 1385 1334 755)
4(767 1381 1385 768)
4(767 768 755 754)
4(1381 1329 1334 1385)
4(769 1388 1337 756)
4(768 1385 1388 769)
4(768 769 756 755)
4(1385 1334 1337 1388)
4(770 1391 1339 757)
4(769 1388 1391 770)
4(769 770 757 756)
4(1388 1337 1339 1391)
4(771 1393 1342 758)
4(770 1391 1393 771)
4(770 771 758 757)
4(1391 1339 1342 1393)
4(1696 1396 1345 1689)
4(771 1393 1396 1696)
4(771 1696 1689 758)
4(1393 1342 1345 1396)
4(1708 1399 1348 1699)
4(1696 1396 1399 1708)
4(1696 1708 1699 1689)
4(1396 1345 1348 1399)
4(1709 1402 1350 1700)
4(1708 1399 1402 1709)
4(1708 1709 1700 1699)
4(1399 1348 1350 1402)
4(1710 1404 1353 1701)
4(1709 1402 1404 1710)
4(1709 1710 1701 1700)
4(1402 1350 1353 1404)
4(1711 1407 1356 1702)
4(1710 1404 1407 1711)
4(1710 1711 1702 1701)
4(1404 1353 1356 1407)
4(1711 1407 1428 1712)
4(1711 1712 1703 1702)
4(1407 1356 1377 1428)
4(772 1410 1359 759)
4(772 778 1434 1410)
4(772 759 765 778)
4(1410 1434 1383 1359)
4(773 1414 1362 760)
4(772 1410 1414 773)
4(772 773 760 759)
4(1410 1359 1362 1414)
4(774 1416 1365 761)
4(773 1414 1416 774)
4(773 774 761 760)
4(1414 1362 1365 1416)
4(775 1419 1368 762)
4(774 1416 1419 775)
4(774 775 762 761)
4(1416 1365 1368 1419)
4(776 1422 1370 763)
4(775 1419 1422 776)
4(775 776 763 762)
4(1419 1368 1370 1422)
4(777 1425 1373 764)
4(776 1422 1425 777)
4(776 777 764 763)
4(1422 1370 1373 1425)
4(779 1429 1378 766)
4(777 1425 1429 779)
4(777 779 766 764)
4(1425 1373 1378 1429)
4(780 1432 1381 767)
4(779 1429 1432 780)
4(779 780 767 766)
4(1429 1378 1381 1432)
4(781 1437 1385 768)
4(780 1432 1437 781)
4(780 781 768 767)
4(1432 1381 1385 1437)
4(782 1439 1388 769)
4(781 1437 1439 782)
4(781 782 769 768)
4(1437 1385 1388 1439)
4(783 1442 1391 770)
4(782 1439 1442 783)
4(782 783 770 769)
4(1439 1388 1391 1442)
4(784 1445 1393 771)
4(783 1442 1445 784)
4(783 784 771 770)
4(1442 1391 1393 1445)
4(1698 1447 1396 1696)
4(784 1445 1447 1698)
4(784 1698 1696 771)
4(1445 1393 1396 1447)
4(1715 1449 1399 1708)
4(1698 1447 1449 1715)
4(1698 1715 1708 1696)
4(1447 1396 1399 1449)
4(1716 1453 1402 1709)
4(1715 1449 1453 1716)
4(1715 1716 1709 1708)
4(1449 1399 1402 1453)
4(1717 1456 1404 1710)
4(1716 1453 1456 1717)
4(1716 1717 1710 1709)
4(1453 1402 1404 1456)
4(1718 1458 1407 1711)
4(1717 1456 1458 1718)
4(1717 1718 1711 1710)
4(1456 1404 1407 1458)
4(1718 1458 1475 1719)
4(1718 1719 1712 1711)
4(1458 1407 1428 1475)
4(772 1493 1462 1410)
4(772 778 1507 1493)
4(1410 1462 1480 1434)
4(1493 1507 1480 1462)
4(773 1500 1464 1414)
4(772 1493 1500 773)
4(1410 1414 1464 1462)
4(1493 1462 1464 1500)
4(774 1505 1466 1416)
4(773 1500 1505 774)
4(1414 1416 1466 1464)
4(1500 1464 1466 1505)
4(775 1512 1468 1419)
4(774 1505 1512 775)
4(1416 1419 1468 1466)
4(1505 1466 1468 1512)
4(776 1515 1470 1422)
4(775 1512 1515 776)
4(1419 1422 1470 1468)
4(1512 1468 1470 1515)
4(777 1517 1472 1425)
4(776 1515 1517 777)
4(1422 1425 1472 1470)
4(1515 1470 1472 1517)
4(779 1520 1476 1429)
4(777 1517 1520 779)
4(1425 1429 1476 1472)
4(1517 1472 1476 1520)
4(780 1522 1478 1432)
4(779 1520 1522 780)
4(1429 1432 1478 1476)
4(1520 1476 1478 1522)
4(781 1524 1482 1437)
4(780 1522 1524 781)
4(1432 1437 1482 1478)
4(1522 1478 1482 1524)
4(782 1526 1484 1439)
4(781 1524 1526 782)
4(1437 1439 1484 1482)
4(1524 1482 1484 1526)
4(783 1528 1486 1442)
4(782 1526 1528 783)
4(1439 1442 1486 1484)
4(1526 1484 1486 1528)
4(784 1530 1488 1445)
4(783 1528 1530 784)
4(1442 1445 1488 1486)
4(1528 1486 1488 1530)
4(1698 1534 1491 1447)
4(784 1530 1534 1698)
4(1445 1447 1491 1488)
4(1530 1488 1491 1534)
4(1715 1538 1495 1449)
4(1698 1534 1538 1715)
4(1447 1449 1495 1491)
4(1534 1491 1495 1538)
4(1716 1540 1498 1453)
4(1715 1538 1540 1716)
4(1449 1453 1498 1495)
4(1538 1495 1498 1540)
4(1717 1544 1503 1456)
4(1716 1540 1544 1717)
4(1453 1456 1503 1498)
4(1540 1498 1503 1544)
4(1718 1548 1510 1458)
4(1717 1544 1548 1718)
4(1456 1458 1510 1503)
4(1544 1503 1510 1548)
4(1718 1548 1557 1719)
4(1458 1475 1533 1510)
4(1548 1510 1533 1557)
4(785 1536 1493 772)
4(785 796 1563 1536)
4(785 772 778 796)
4(1536 1563 1507 1493)
4(786 1542 1500 773)
4(785 1536 1542 786)
4(785 786 773 772)
4(1536 1493 1500 1542)
4(787 1546 1505 774)
4(786 1542 1546 787)
4(786 787 774 773)
4(1542 1500 1505 1546)
4(788 1550 1512 775)
4(787 1546 1550 788)
4(787 788 775 774)
4(1546 1505 1512 1550)
4(789 1552 1515 776)
4(788 1550 1552 789)
4(788 789 776 775)
4(1550 1512 1515 1552)
4(790 1554 1517 777)
4(789 1552 1554 790)
4(789 790 777 776)
4(1552 1515 1517 1554)
4(791 1558 1520 779)
4(790 1554 1558 791)
4(790 791 779 777)
4(1554 1517 1520 1558)
4(792 1561 1522 780)
4(791 1558 1561 792)
4(791 792 780 779)
4(1558 1520 1522 1561)
4(793 1565 1524 781)
4(792 1561 1565 793)
4(792 793 781 780)
4(1561 1522 1524 1565)
4(794 1567 1526 782)
4(793 1565 1567 794)
4(793 794 782 781)
4(1565 1524 1526 1567)
4(795 1569 1528 783)
4(794 1567 1569 795)
4(794 795 783 782)
4(1567 1526 1528 1569)
4(797 1571 1530 784)
4(795 1569 1571 797)
4(795 797 784 783)
4(1569 1528 1530 1571)
4(1705 1574 1534 1698)
4(797 1571 1574 1705)
4(797 1705 1698 784)
4(1571 1530 1534 1574)
4(1720 1576 1538 1715)
4(1705 1574 1576 1720)
4(1705 1720 1715 1698)
4(1574 1534 1538 1576)
4(1721 1579 1540 1716)
4(1720 1576 1579 1721)
4(1720 1721 1716 1715)
4(1576 1538 1540 1579)
4(1722 1582 1544 1717)
4(1721 1579 1582 1722)
4(1721 1722 1717 1716)
4(1579 1540 1544 1582)
4(1723 1584 1548 1718)
4(1722 1582 1584 1723)
4(1722 1723 1718 1717)
4(1582 1544 1548 1584)
4(1723 1584 1603 1724)
4(1723 1724 1719 1718)
4(1584 1548 1557 1603)
4(798 1588 1536 785)
4(798 804 1608 1588)
4(798 785 796 804)
4(1588 1608 1563 1536)
4(799 1592 1542 786)
4(798 1588 1592 799)
4(798 799 786 785)
4(1588 1536 1542 1592)
4(800 1594 1546 787)
4(799 1592 1594 800)
4(799 800 787 786)
4(1592 1542 1546 1594)
4(801 1596 1550 788)
4(800 1594 1596 801)
4(800 801 788 787)
4(1594 1546 1550 1596)
4(802 1598 1552 789)
4(801 1596 1598 802)
4(801 802 789 788)
4(1596 1550 1552 1598)
4(803 1600 1554 790)
4(802 1598 1600 803)
4(802 803 790 789)
4(1598 1552 1554 1600)
4(805 1604 1558 791)
4(803 1600 1604 805)
4(803 805 791 790)
4(1600 1554 1558 1604)
4(806 1606 1561 792)
4(805 1604 1606 806)
4(805 806 792 791)
4(1604 1558 1561 1606)
4(807 1610 1565 793)
4(806 1606 1610 807)
4(806 807 793 792)
4(1606 1561 1565 1610)
4(808 1612 1567 794)
4(807 1610 1612 808)
4(807 808 794 793)
4(1610 1565 1567 1612)
4(809 1614 1569 795)
4(808 1612 1614 809)
4(808 809 795 794)
4(1612 1567 1569 1614)
4(810 1617 1571 797)
4(809 1614 1617 810)
4(809 810 797 795)
4(1614 1569 1571 1617)
4(1707 1619 1574 1705)
4(810 1617 1619 1707)
4(810 1707 1705 797)
4(1617 1571 1574 1619)
4(1725 1621 1576 1720)
4(1707 1619 1621 1725)
4(1707 1725 1720 1705)
4(1619 1574 1576 1621)
4(1726 1623 1579 1721)
4(1725 1621 1623 1726)
4(1725 1726 1721 1720)
4(1621 1576 1579 1623)
4(1727 1625 1582 1722)
4(1726 1623 1625 1727)
4(1726 1727 1722 1721)
4(1623 1579 1582 1625)
4(1728 1627 1584 1723)
4(1727 1625 1627 1728)
4(1727 1728 1723 1722)
4(1625 1582 1584 1627)
4(1728 1627 1643 1729)
4(1728 1729 1724 1723)
4(1627 1584 1603 1643)
4(817 1629 1588 798)
4(817 798 804 835)
4(1629 1648 1608 1588)
4(822 1631 1592 799)
4(817 822 799 798)
4(1629 1588 1592 1631)
4(825 1633 1594 800)
4(822 825 800 799)
4(1631 1592 1594 1633)
4(828 1636 1596 801)
4(825 828 801 800)
4(1633 1594 1596 1636)
4(833 1638 1598 802)
4(828 833 802 801)
4(1636 1596 1598 1638)
4(834 1640 1600 803)
4(833 834 803 802)
4(1638 1598 1600 1640)
4(836 1644 1604 805)
4(834 836 805 803)
4(1640 1600 1604 1644)
4(837 1646 1606 806)
4(836 837 806 805)
4(1644 1604 1606 1646)
4(840 1650 1610 807)
4(837 840 807 806)
4(1646 1606 1610 1650)
4(841 1652 1612 808)
4(840 841 808 807)
4(1650 1610 1612 1652)
4(844 1654 1614 809)
4(841 844 809 808)
4(1652 1612 1614 1654)
4(847 1656 1617 810)
4(844 847 810 809)
4(1654 1614 1617 1656)
4(1714 1658 1619 1707)
4(847 1714 1707 810)
4(1656 1617 1619 1658)
4(1730 1660 1621 1725)
4(1714 1730 1725 1707)
4(1658 1619 1621 1660)
4(1731 1663 1623 1726)
4(1730 1731 1726 1725)
4(1660 1621 1623 1663)
4(1732 1665 1625 1727)
4(1731 1732 1727 1726)
4(1663 1623 1625 1665)
4(1733 1667 1627 1728)
4(1732 1733 1728 1727)
4(1665 1625 1627 1667)
4(1733 1734 1729 1728)
4(1667 1627 1643 1676)
4(817 798 178 191)
4(798 804 179 178)
4(822 799 180 193)
4(798 178 180 799)
4(825 800 181 194)
4(799 180 181 800)
4(828 801 182 195)
4(800 181 182 801)
4(833 802 183 196)
4(801 182 183 802)
4(834 803 184 197)
4(802 183 184 803)
4(836 805 185 198)
4(803 184 185 805)
4(837 806 186 199)
4(805 185 186 806)
4(840 807 187 200)
4(806 186 187 807)
4(841 808 188 201)
4(807 187 188 808)
4(844 809 189 202)
4(808 188 189 809)
4(847 810 190 203)
4(809 189 190 810)
4(1714 1707 1706 1713)
4(810 190 1706 1707)
4(1730 1725 1800 1805)
4(1707 1706 1800 1725)
4(1731 1726 1801 1806)
4(1725 1800 1801 1726)
4(1732 1727 1802 1807)
4(1726 1801 1802 1727)
4(1733 1728 1803 1808)
4(1727 1802 1803 1728)
4(1728 1803 1804 1729)
4(798 785 165 178)
4(785 796 166 165)
4(799 786 167 180)
4(785 165 167 786)
4(800 787 168 181)
4(786 167 168 787)
4(801 788 169 182)
4(787 168 169 788)
4(802 789 170 183)
4(788 169 170 789)
4(803 790 171 184)
4(789 170 171 790)
4(805 791 172 185)
4(790 171 172 791)
4(806 792 173 186)
4(791 172 173 792)
4(807 793 174 187)
4(792 173 174 793)
4(808 794 175 188)
4(793 174 175 794)
4(809 795 176 189)
4(794 175 176 795)
4(810 797 177 190)
4(795 176 177 797)
4(1707 1705 1704 1706)
4(797 177 1704 1705)
4(1725 1720 1795 1800)
4(1705 1704 1795 1720)
4(1726 1721 1796 1801)
4(1720 1795 1796 1721)
4(1727 1722 1797 1802)
4(1721 1796 1797 1722)
4(1728 1723 1798 1803)
4(1722 1797 1798 1723)
4(1723 1798 1799 1724)
4(785 772 152 165)
4(772 778 153 152)
4(786 773 154 167)
4(772 152 154 773)
4(787 774 155 168)
4(773 154 155 774)
4(788 775 156 169)
4(774 155 156 775)
4(789 776 157 170)
4(775 156 157 776)
4(790 777 158 171)
4(776 157 158 777)
4(791 779 159 172)
4(777 158 159 779)
4(792 780 160 173)
4(779 159 160 780)
4(793 781 161 174)
4(780 160 161 781)
4(794 782 162 175)
4(781 161 162 782)
4(795 783 163 176)
4(782 162 163 783)
4(797 784 164 177)
4(783 163 164 784)
4(1705 1698 1697 1704)
4(784 164 1697 1698)
4(1720 1715 1790 1795)
4(1698 1697 1790 1715)
4(1721 1716 1791 1796)
4(1715 1790 1791 1716)
4(1722 1717 1792 1797)
4(1716 1791 1792 1717)
4(1723 1718 1793 1798)
4(1717 1792 1793 1718)
4(1718 1793 1794 1719)
4(772 759 139 152)
4(759 765 140 139)
4(773 760 141 154)
4(759 139 141 760)
4(774 761 142 155)
4(760 141 142 761)
4(775 762 143 156)
4(761 142 143 762)
4(776 763 144 157)
4(762 143 144 763)
4(777 764 145 158)
4(763 144 145 764)
4(779 766 146 159)
4(764 145 146 766)
4(780 767 147 160)
4(766 146 147 767)
4(781 768 148 161)
4(767 147 148 768)
4(782 769 149 162)
4(768 148 149 769)
4(783 770 150 163)
4(769 149 150 770)
4(784 771 151 164)
4(770 150 151 771)
4(1698 1696 1695 1697)
4(771 151 1695 1696)
4(1715 1708 1785 1790)
4(1696 1695 1785 1708)
4(1716 1709 1786 1791)
4(1708 1785 1786 1709)
4(1717 1710 1787 1792)
4(1709 1786 1787 1710)
4(1718 1711 1788 1793)
4(1710 1787 1788 1711)
4(1711 1788 1789 1712)
4(759 746 126 139)
4(746 752 127 126)
4(760 747 128 141)
4(746 126 128 747)
4(761 748 129 142)
4(747 128 129 748)
4(762 749 130 143)
4(748 129 130 749)
4(763 750 131 144)
4(749 130 131 750)
4(764 751 132 145)
4(750 131 132 751)
4(766 753 133 146)
4(751 132 133 753)
4(767 754 134 147)
4(753 133 134 754)
4(768 755 135 148)
4(754 134 135 755)
4(769 756 136 149)
4(755 135 136 756)
4(770 757 137 150)
4(756 136 137 757)
4(771 758 138 151)
4(757 137 138 758)
4(1696 1689 1688 1695)
4(758 138 1688 1689)
4(1708 1699 1780 1785)
4(1689 1688 1780 1699)
4(1709 1700 1781 1786)
4(1699 1780 1781 1700)
4(1710 1701 1782 1787)
4(1700 1781 1782 1701)
4(1711 1702 1783 1788)
4(1701 1782 1783 1702)
4(1702 1783 1784 1703)
4(746 733 113 126)
4(733 739 114 113)
4(747 734 115 128)
4(733 113 115 734)
4(748 735 116 129)
4(734 115 116 735)
4(749 736 117 130)
4(735 116 117 736)
4(750 737 118 131)
4(736 117 118 737)
4(751 738 119 132)
4(737 118 119 738)
4(753 740 120 133)
4(738 119 120 740)
4(754 741 121 134)
4(740 120 121 741)
4(755 742 122 135)
4(741 121 122 742)
4(756 743 123 136)
4(742 122 123 743)
4(757 744 124 137)
4(743 123 124 744)
4(758 745 125 138)
4(744 124 125 745)
4(1689 1687 1686 1688)
4(745 125 1686 1687)
4(1699 1690 1775 1780)
4(1687 1686 1775 1690)
4(1700 1691 1776 1781)
4(1690 1775 1776 1691)
4(1701 1692 1777 1782)
4(1691 1776 1777 1692)
4(1702 1693 1778 1783)
4(1692 1777 1778 1693)
4(1693 1778 1779 1694)
4(733 720 100 113)
4(720 726 101 100)
4(734 721 102 115)
4(720 100 102 721)
4(735 722 103 116)
4(721 102 103 722)
4(736 723 104 117)
4(722 103 104 723)
4(737 724 105 118)
4(723 104 105 724)
4(738 725 106 119)
4(724 105 106 725)
4(740 727 107 120)
4(725 106 107 727)
4(741 728 108 121)
4(727 107 108 728)
4(742 729 109 122)
4(728 108 109 729)
4(743 730 110 123)
4(729 109 110 730)
4(744 731 111 124)
4(730 110 111 731)
4(745 732 112 125)
4(731 111 112 732)
4(1687 1679 1681 1686)
4(732 112 1681 1679)
4(1690 1680 1770 1775)
4(1679 1681 1770 1680)
4(1691 1682 1771 1776)
4(1680 1770 1771 1682)
4(1692 1683 1772 1777)
4(1682 1771 1772 1683)
4(1693 1684 1773 1778)
4(1683 1772 1773 1684)
4(1684 1773 1774 1685)
4(720 707 87 100)
4(707 718 88 87)
4(721 708 89 102)
4(707 87 89 708)
4(722 709 90 103)
4(708 89 90 709)
4(723 710 91 104)
4(709 90 91 710)
4(724 711 92 105)
4(710 91 92 711)
4(725 712 93 106)
4(711 92 93 712)
4(727 713 94 107)
4(712 93 94 713)
4(728 714 95 108)
4(713 94 95 714)
4(729 715 96 109)
4(714 95 96 715)
4(730 716 97 110)
4(715 96 97 716)
4(731 717 98 111)
4(716 97 98 717)
4(732 719 99 112)
4(717 98 99 719)
4(1679 1669 1678 1681)
4(719 99 1678 1669)
4(1680 1670 1765 1770)
4(1669 1678 1765 1670)
4(1682 1671 1766 1771)
4(1670 1765 1766 1671)
4(1683 1672 1767 1772)
4(1671 1766 1767 1672)
4(1684 1673 1768 1773)
4(1672 1767 1768 1673)
4(1673 1768 1769 1674)
4(707 691 74 87)
4(691 690 75 74)
4(708 694 76 89)
4(691 74 76 694)
4(709 697 77 90)
4(694 76 77 697)
4(710 700 78 91)
4(697 77 78 700)
4(711 687 79 92)
4(700 78 79 687)
4(712 689 80 93)
4(687 79 80 689)
4(713 693 81 94)
4(689 80 81 693)
4(714 696 82 95)
4(693 81 82 696)
4(715 699 83 96)
4(696 82 83 699)
4(716 702 84 97)
4(699 83 84 702)
4(717 704 85 98)
4(702 84 85 704)
4(719 706 86 99)
4(704 85 86 706)
4(1669 1573 1677 1678)
4(706 86 1677 1573)
4(1670 1578 1760 1765)
4(1573 1677 1760 1578)
4(1671 1581 1761 1766)
4(1578 1760 1761 1581)
4(1672 1586 1762 1767)
4(1581 1761 1762 1586)
4(1673 1587 1763 1768)
4(1586 1762 1763 1587)
4(1587 1763 1764 1590)
4(691 1451 61 74)
4(1451 1452 62 61)
4(694 1455 63 76)
4(1451 61 63 1455)
4(697 1460 64 77)
4(1455 63 64 1460)
4(700 1461 65 78)
4(1460 64 65 1461)
4(687 686 66 79)
4(1461 65 66 686)
4(689 688 67 80)
4(686 66 67 688)
4(693 692 68 81)
4(688 67 68 692)
4(696 695 69 82)
4(692 68 69 695)
4(699 698 70 83)
4(695 69 70 698)
4(702 701 71 84)
4(698 70 71 701)
4(704 703 72 85)
4(701 71 72 703)
4(706 705 73 86)
4(703 72 73 705)
4(1573 1490 1662 1677)
4(705 73 1662 1490)
4(1578 1497 1755 1760)
4(1490 1662 1755 1497)
4(1581 1502 1756 1761)
4(1497 1755 1756 1502)
4(1586 1509 1757 1762)
4(1502 1756 1757 1509)
4(1587 1514 1758 1763)
4(1509 1757 1758 1514)
4(1514 1758 1759 1519)
4(1451 1372 48 61)
4(1372 1375 49 48)
4(1455 1380 50 63)
4(1372 48 50 1380)
4(1460 1387 51 64)
4(1380 50 51 1387)
4(1461 1390 52 65)
4(1387 51 52 1390)
4(686 1395 53 66)
4(1390 52 53 1395)
4(688 1398 54 67)
4(1395 53 54 1398)
4(692 1401 55 68)
4(1398 54 55 1401)
4(695 1406 56 69)
4(1401 55 56 1406)
4(698 1409 57 70)
4(1406 56 57 1409)
4(701 1412 58 71)
4(1409 57 58 1412)
4(703 1413 59 72)
4(1412 58 59 1413)
4(705 1418 60 73)
4(1413 59 60 1418)
4(1490 1421 1635 1662)
4(1418 60 1635 1421)
4(1497 1424 1750 1755)
4(1421 1635 1750 1424)
4(1502 1431 1751 1756)
4(1424 1750 1751 1431)
4(1509 1436 1752 1757)
4(1431 1751 1752 1436)
4(1514 1441 1753 1758)
4(1436 1752 1753 1441)
4(1441 1753 1754 1444)
4(1372 1303 35 48)
4(1303 1306 36 35)
4(1380 1307 37 50)
4(1303 35 37 1307)
4(1387 1310 38 51)
4(1307 37 38 1310)
4(1390 1313 39 52)
4(1310 38 39 1313)
4(1395 1316 40 53)
4(1313 39 40 1316)
4(1398 1321 41 54)
4(1316 40 41 1321)
4(1401 1326 42 55)
4(1321 41 42 1326)
4(1406 1331 43 56)
4(1326 42 43 1331)
4(1409 1336 44 57)
4(1331 43 44 1336)
4(1412 1341 45 58)
4(1336 44 45 1341)
4(1413 1344 46 59)
4(1341 45 46 1344)
4(1418 1347 47 60)
4(1344 46 47 1347)
4(1421 1352 1616 1635)
4(1347 47 1616 1352)
4(1424 1355 1745 1750)
4(1352 1616 1745 1355)
4(1431 1358 1746 1751)
4(1355 1745 1746 1358)
4(1436 1361 1747 1752)
4(1358 1746 1747 1361)
4(1441 1364 1748 1753)
4(1361 1747 1748 1364)
4(1364 1748 1749 1367)
4(1303 1216 22 35)
4(1216 1217 23 22)
4(1307 1220 24 37)
4(1216 22 24 1220)
4(1310 1229 25 38)
4(1220 24 25 1229)
4(1313 1234 26 39)
4(1229 25 26 1234)
4(1316 1239 27 40)
4(1234 26 27 1239)
4(1321 1244 28 41)
4(1239 27 28 1244)
4(1326 1249 29 42)
4(1244 28 29 1249)
4(1331 1252 30 43)
4(1249 29 30 1252)
4(1336 1257 31 44)
4(1252 30 31 1257)
4(1341 1260 32 45)
4(1257 31 32 1260)
4(1344 1261 33 46)
4(1260 32 33 1261)
4(1347 1266 34 47)
4(1261 33 34 1266)
4(1352 1271 1591 1616)
4(1266 34 1591 1271)
4(1355 1278 1740 1745)
4(1271 1591 1740 1278)
4(1358 1283 1741 1746)
4(1278 1740 1741 1283)
4(1361 1288 1742 1747)
4(1283 1741 1742 1288)
4(1364 1293 1743 1748)
4(1288 1742 1743 1293)
4(1293 1743 1744 1296)
4(1216 1112 9 22)
4(1112 1111 10 9)
4(1220 1117 11 24)
4(1112 9 11 1117)
4(1229 1130 12 25)
4(1117 11 12 1130)
4(1234 1133 13 26)
4(1130 12 13 1133)
4(1239 1138 14 27)
4(1133 13 14 1138)
4(1244 1143 15 28)
4(1138 14 15 1143)
4(1249 1150 16 29)
4(1143 15 16 1150)
4(1252 1157 17 30)
4(1150 16 17 1157)
4(1257 1164 18 31)
4(1260 1171 19 32)
4(1261 1176 20 33)
4(1266 1183 21 34)
4(1271 1190 1560 1591)
4(1278 1193 1735 1740)
4(1283 1198 1736 1741)
4(1288 1203 1737 1742)
4(1293 1208 1738 1743)
4(1112 1040 0 9)
4(1117 1048 2 11)
4(1130 1055 3 12)
4(1133 1058 4 13)
4(1138 1063 5 14)
4(1143 1066 6 15)
4(1150 1069 7 16)
4(811 838 839 812)
4(838 845 846 839)
4(813 842 843 814)
4(838 839 843 842)
4(815 848 849 816)
4(842 843 849 848)
4(818 850 851 819)
4(848 849 851 850)
4(820 852 853 821)
4(850 851 853 852)
4(823 854 855 824)
4(852 853 855 854)
4(826 856 857 827)
4(854 855 857 856)
4(856 857 859 858)
4(838 868 869 839)
4(868 898 899 869)
4(842 874 875 843)
4(868 869 875 874)
4(848 878 879 849)
4(874 875 879 878)
4(850 882 883 851)
4(878 879 883 882)
4(852 886 887 853)
4(882 883 887 886)
4(854 888 889 855)
4(886 887 889 888)
4(856 890 891 857)
4(888 889 891 890)
4(858 894 895 859)
4(890 891 895 894)
4(860 896 897 861)
4(894 895 897 896)
4(862 900 901 863)
4(896 897 901 900)
4(864 902 903 865)
4(900 901 903 902)
4(866 904 905 867)
4(902 903 905 904)
4(870 906 907 871)
4(904 905 907 906)
4(872 908 909 873)
4(906 907 909 908)
4(876 910 911 877)
4(908 909 911 910)
4(880 912 913 881)
4(910 911 913 912)
4(884 914 915 885)
4(912 913 915 914)
4(914 915 928 929)
4(868 916 917 869)
4(916 934 935 917)
4(874 918 919 875)
4(916 917 919 918)
4(878 920 921 879)
4(918 919 921 920)
4(882 922 923 883)
4(920 921 923 922)
4(886 924 925 887)
4(922 923 925 924)
4(888 926 927 889)
4(924 925 927 926)
4(890 930 931 891)
4(926 927 931 930)
4(894 932 933 895)
4(930 931 933 932)
4(896 936 937 897)
4(932 933 937 936)
4(900 938 939 901)
4(936 937 939 938)
4(902 940 941 903)
4(938 939 941 940)
4(904 942 943 905)
4(940 941 943 942)
4(906 944 945 907)
4(942 943 945 944)
4(908 946 947 909)
4(944 945 947 946)
4(910 948 949 911)
4(946 947 949 948)
4(912 950 951 913)
4(948 949 951 950)
4(914 952 953 915)
4(950 951 953 952)
4(952 953 966 967)
4(916 954 955 917)
4(954 972 973 955)
4(918 956 957 919)
4(954 955 957 956)
4(920 958 959 921)
4(956 957 959 958)
4(922 960 961 923)
4(958 959 961 960)
4(924 962 963 925)
4(960 961 963 962)
4(926 964 965 927)
4(962 963 965 964)
4(930 968 969 931)
4(964 965 969 968)
4(932 970 971 933)
4(968 969 971 970)
4(936 974 975 937)
4(970 971 975 974)
4(938 976 977 939)
4(974 975 977 976)
4(940 978 979 941)
4(976 977 979 978)
4(942 980 981 943)
4(978 979 981 980)
4(944 982 983 945)
4(980 981 983 982)
4(946 984 985 947)
4(982 983 985 984)
4(948 986 987 949)
4(984 985 987 986)
4(950 988 989 951)
4(986 987 989 988)
4(952 990 991 953)
4(988 989 991 990)
4(990 991 1004 1005)
4(954 992 993 955)
4(992 1010 1011 993)
4(956 994 995 957)
4(992 993 995 994)
4(958 996 997 959)
4(994 995 997 996)
4(960 998 999 961)
4(996 997 999 998)
4(962 1000 1001 963)
4(998 999 1001 1000)
4(964 1002 1003 965)
4(1000 1001 1003 1002)
4(968 1006 1007 969)
4(1002 1003 1007 1006)
4(970 1008 1009 971)
4(1006 1007 1009 1008)
4(974 1012 1013 975)
4(1008 1009 1013 1012)
4(976 1014 1015 977)
4(1012 1013 1015 1014)
4(978 1016 1017 979)
4(1014 1015 1017 1016)
4(980 1018 1019 981)
4(1016 1017 1019 1018)
4(982 1020 1021 983)
4(1018 1019 1021 1020)
4(984 1022 1023 985)
4(1020 1021 1023 1022)
4(986 1024 1025 987)
4(1022 1023 1025 1024)
4(988 1026 1027 989)
4(1024 1025 1027 1026)
4(990 1028 1029 991)
4(1026 1027 1029 1028)
4(1028 1029 1044 1045)
4(992 1030 1031 993)
4(1030 1051 1052 1031)
4(994 1032 1033 995)
4(1030 1031 1033 1032)
4(996 1034 1035 997)
4(1032 1033 1035 1034)
4(998 1036 1037 999)
4(1034 1035 1037 1036)
4(1000 1038 1039 1001)
4(1036 1037 1039 1038)
4(1002 1041 1042 1003)
4(1038 1039 1042 1041)
4(1006 1046 1047 1007)
4(1041 1042 1047 1046)
4(1008 1049 1050 1009)
4(1046 1047 1050 1049)
4(1012 1053 1054 1013)
4(1049 1050 1054 1053)
4(1014 1056 1057 1015)
4(1053 1054 1057 1056)
4(1016 1059 1060 1017)
4(1056 1057 1060 1059)
4(1018 1061 1062 1019)
4(1059 1060 1062 1061)
4(1020 1064 1065 1021)
4(1061 1062 1065 1064)
4(1022 1067 1068 1023)
4(1064 1065 1068 1067)
4(1024 1070 1071 1025)
4(1067 1068 1071 1070)
4(1026 1072 1073 1027)
4(1070 1071 1073 1072)
4(1028 1075 1076 1029)
4(1072 1073 1076 1075)
4(1075 1076 1089 1090)
4(1030 1077 1078 1031)
4(1077 1095 1096 1078)
4(1032 1079 1080 1033)
4(1077 1078 1080 1079)
4(1034 1081 1082 1035)
4(1079 1080 1082 1081)
4(1036 1083 1084 1037)
4(1081 1082 1084 1083)
4(1038 1085 1086 1039)
4(1083 1084 1086 1085)
4(1041 1087 1088 1042)
4(1085 1086 1088 1087)
4(1046 1091 1092 1047)
4(1087 1088 1092 1091)
4(1049 1093 1094 1050)
4(1091 1092 1094 1093)
4(1053 1097 1098 1054)
4(1093 1094 1098 1097)
4(1056 1099 1100 1057)
4(1097 1098 1100 1099)
4(1059 1101 1102 1060)
4(1099 1100 1102 1101)
4(1061 1103 1104 1062)
4(1101 1102 1104 1103)
4(1064 1105 1106 1065)
4(1103 1104 1106 1105)
4(1067 1109 1110 1068)
4(1105 1106 1110 1109)
4(1070 1113 1114 1071)
4(1109 1110 1114 1113)
4(1072 1118 1119 1073)
4(1113 1114 1119 1118)
4(1075 1124 1125 1076)
4(1118 1119 1125 1124)
4(1124 1125 1148 1149)
4(1077 1107 1108 1078)
4(1107 1122 1123 1108)
4(1079 1115 1116 1080)
4(1107 1108 1116 1115)
4(1081 1120 1121 1082)
4(1115 1116 1121 1120)
4(1083 1126 1127 1084)
4(1120 1121 1127 1126)
4(1085 1128 1129 1086)
4(1126 1127 1129 1128)
4(1087 1131 1132 1088)
4(1128 1129 1132 1131)
4(1091 1134 1135 1092)
4(1131 1132 1135 1134)
4(1093 1136 1137 1094)
4(1134 1135 1137 1136)
4(1097 1139 1140 1098)
4(1136 1137 1140 1139)
4(1099 1141 1142 1100)
4(1139 1140 1142 1141)
4(1101 1144 1145 1102)
4(1141 1142 1145 1144)
4(1103 1146 1147 1104)
4(1144 1145 1147 1146)
4(1105 1151 1152 1106)
4(1146 1147 1152 1151)
4(1109 1155 1156 1110)
4(1151 1152 1156 1155)
4(1113 1158 1159 1114)
4(1155 1156 1159 1158)
4(1118 1162 1163 1119)
4(1158 1159 1163 1162)
4(1124 1167 1168 1125)
4(1162 1163 1168 1167)
4(1167 1168 1177 1178)
4(1107 1153 1154 1108)
4(1153 1184 1185 1154)
4(1115 1160 1161 1116)
4(1153 1154 1161 1160)
4(1120 1165 1166 1121)
4(1160 1161 1166 1165)
4(1126 1169 1170 1127)
4(1165 1166 1170 1169)
4(1128 1172 1173 1129)
4(1169 1170 1173 1172)
4(1131 1174 1175 1132)
4(1172 1173 1175 1174)
4(1134 1179 1180 1135)
4(1174 1175 1180 1179)
4(1136 1181 1182 1137)
4(1179 1180 1182 1181)
4(1139 1186 1187 1140)
4(1181 1182 1187 1186)
4(1141 1188 1189 1142)
4(1186 1187 1189 1188)
4(1144 1191 1192 1145)
4(1188 1189 1192 1191)
4(1146 1194 1195 1147)
4(1191 1192 1195 1194)
4(1151 1196 1197 1152)
4(1194 1195 1197 1196)
4(1155 1199 1200 1156)
4(1196 1197 1200 1199)
4(1158 1201 1202 1159)
4(1199 1200 1202 1201)
4(1162 1204 1205 1163)
4(1201 1202 1205 1204)
4(1167 1206 1207 1168)
4(1204 1205 1207 1206)
4(1206 1207 1225 1226)
4(1153 1209 1210 1154)
4(1209 1232 1233 1210)
4(1160 1212 1213 1161)
4(1209 1210 1213 1212)
4(1165 1214 1215 1166)
4(1212 1213 1215 1214)
4(1169 1218 1219 1170)
4(1214 1215 1219 1218)
4(1172 1221 1222 1173)
4(1218 1219 1222 1221)
4(1174 1223 1224 1175)
4(1221 1222 1224 1223)
4(1179 1227 1228 1180)
4(1223 1224 1228 1227)
4(1181 1230 1231 1182)
4(1227 1228 1231 1230)
4(1186 1235 1236 1187)
4(1230 1231 1236 1235)
4(1188 1237 1238 1189)
4(1235 1236 1238 1237)
4(1191 1240 1241 1192)
4(1237 1238 1241 1240)
4(1194 1242 1243 1195)
4(1240 1241 1243 1242)
4(1196 1245 1246 1197)
4(1242 1243 1246 1245)
4(1199 1247 1248 1200)
4(1245 1246 1248 1247)
4(1201 1250 1251 1202)
4(1247 1248 1251 1250)
4(1204 1253 1254 1205)
4(1250 1251 1254 1253)
4(1206 1255 1256 1207)
4(1253 1254 1256 1255)
4(1255 1256 1274 1275)
4(1209 1258 1259 1210)
4(1258 1281 1282 1259)
4(1212 1262 1263 1213)
4(1258 1259 1263 1262)
4(1214 1264 1265 1215)
4(1262 1263 1265 1264)
4(1218 1267 1268 1219)
4(1264 1265 1268 1267)
4(1221 1269 1270 1222)
4(1267 1268 1270 1269)
4(1223 1272 1273 1224)
4(1269 1270 1273 1272)
4(1227 1276 1277 1228)
4(1272 1273 1277 1276)
4(1230 1279 1280 1231)
4(1276 1277 1280 1279)
4(1235 1284 1285 1236)
4(1279 1280 1285 1284)
4(1237 1286 1287 1238)
4(1284 1285 1287 1286)
4(1240 1289 1290 1241)
4(1286 1287 1290 1289)
4(1242 1291 1292 1243)
4(1289 1290 1292 1291)
4(1245 1294 1295 1246)
4(1291 1292 1295 1294)
4(1247 1297 1298 1248)
4(1294 1295 1298 1297)
4(1250 1299 1300 1251)
4(1297 1298 1300 1299)
4(1253 1301 1302 1254)
4(1299 1300 1302 1301)
4(1255 1304 1305 1256)
4(1301 1302 1305 1304)
4(1304 1305 1324 1325)
4(1258 1308 1309 1259)
4(1308 1332 1333 1309)
4(1262 1311 1312 1263)
4(1308 1309 1312 1311)
4(1264 1314 1315 1265)
4(1311 1312 1315 1314)
4(1267 1317 1318 1268)
4(1314 1315 1318 1317)
4(1269 1319 1320 1270)
4(1317 1318 1320 1319)
4(1272 1322 1323 1273)
4(1319 1320 1323 1322)
4(1276 1327 1328 1277)
4(1322 1323 1328 1327)
4(1279 1329 1330 1280)
4(1327 1328 1330 1329)
4(1284 1334 1335 1285)
4(1329 1330 1335 1334)
4(1286 1337 1338 1287)
4(1334 1335 1338 1337)
4(1289 1339 1340 1290)
4(1337 1338 1340 1339)
4(1291 1342 1343 1292)
4(1339 1340 1343 1342)
4(1294 1345 1346 1295)
4(1342 1343 1346 1345)
4(1297 1348 1349 1298)
4(1345 1346 1349 1348)
4(1299 1350 1351 1300)
4(1348 1349 1351 1350)
4(1301 1353 1354 1302)
4(1350 1351 1354 1353)
4(1304 1356 1357 1305)
4(1353 1354 1357 1356)
4(1356 1357 1376 1377)
4(1308 1359 1360 1309)
4(1359 1383 1384 1360)
4(1311 1362 1363 1312)
4(1359 1360 1363 1362)
4(1314 1365 1366 1315)
4(1362 1363 1366 1365)
4(1317 1368 1369 1318)
4(1365 1366 1369 1368)
4(1319 1370 1371 1320)
4(1368 1369 1371 1370)
4(1322 1373 1374 1323)
4(1370 1371 1374 1373)
4(1327 1378 1379 1328)
4(1373 1374 1379 1378)
4(1329 1381 1382 1330)
4(1378 1379 1382 1381)
4(1334 1385 1386 1335)
4(1381 1382 1386 1385)
4(1337 1388 1389 1338)
4(1385 1386 1389 1388)
4(1339 1391 1392 1340)
4(1388 1389 1392 1391)
4(1342 1393 1394 1343)
4(1391 1392 1394 1393)
4(1345 1396 1397 1346)
4(1393 1394 1397 1396)
4(1348 1399 1400 1349)
4(1396 1397 1400 1399)
4(1350 1402 1403 1351)
4(1399 1400 1403 1402)
4(1353 1404 1405 1354)
4(1402 1403 1405 1404)
4(1356 1407 1408 1357)
4(1404 1405 1408 1407)
4(1407 1408 1427 1428)
4(1359 1410 1411 1360)
4(1410 1434 1435 1411)
4(1362 1414 1415 1363)
4(1410 1411 1415 1414)
4(1365 1416 1417 1366)
4(1414 1415 1417 1416)
4(1368 1419 1420 1369)
4(1416 1417 1420 1419)
4(1370 1422 1423 1371)
4(1419 1420 1423 1422)
4(1373 1425 1426 1374)
4(1422 1423 1426 1425)
4(1378 1429 1430 1379)
4(1425 1426 1430 1429)
4(1381 1432 1433 1382)
4(1429 1430 1433 1432)
4(1385 1437 1438 1386)
4(1432 1433 1438 1437)
4(1388 1439 1440 1389)
4(1437 1438 1440 1439)
4(1391 1442 1443 1392)
4(1439 1440 1443 1442)
4(1393 1445 1446 1394)
4(1442 1443 1446 1445)
4(1396 1447 1448 1397)
4(1445 1446 1448 1447)
4(1399 1449 1450 1400)
4(1447 1448 1450 1449)
4(1402 1453 1454 1403)
4(1449 1450 1454 1453)
4(1404 1456 1457 1405)
4(1453 1454 1457 1456)
4(1407 1458 1459 1408)
4(1456 1457 1459 1458)
4(1458 1459 1474 1475)
4(1410 1462 1463 1411)
4(1462 1480 1481 1463)
4(1414 1464 1465 1415)
4(1462 1463 1465 1464)
4(1416 1466 1467 1417)
4(1464 1465 1467 1466)
4(1419 1468 1469 1420)
4(1466 1467 1469 1468)
4(1422 1470 1471 1423)
4(1468 1469 1471 1470)
4(1425 1472 1473 1426)
4(1470 1471 1473 1472)
4(1429 1476 1477 1430)
4(1472 1473 1477 1476)
4(1432 1478 1479 1433)
4(1476 1477 1479 1478)
4(1437 1482 1483 1438)
4(1478 1479 1483 1482)
4(1439 1484 1485 1440)
4(1482 1483 1485 1484)
4(1442 1486 1487 1443)
4(1484 1485 1487 1486)
4(1445 1488 1489 1446)
4(1486 1487 1489 1488)
4(1447 1491 1492 1448)
4(1488 1489 1492 1491)
4(1449 1495 1496 1450)
4(1491 1492 1496 1495)
4(1453 1498 1499 1454)
4(1495 1496 1499 1498)
4(1456 1503 1504 1457)
4(1498 1499 1504 1503)
4(1458 1510 1511 1459)
4(1503 1504 1511 1510)
4(1510 1511 1532 1533)
4(1462 1493 1494 1463)
4(1493 1507 1508 1494)
4(1464 1500 1501 1465)
4(1493 1494 1501 1500)
4(1466 1505 1506 1467)
4(1500 1501 1506 1505)
4(1468 1512 1513 1469)
4(1505 1506 1513 1512)
4(1470 1515 1516 1471)
4(1512 1513 1516 1515)
4(1472 1517 1518 1473)
4(1515 1516 1518 1517)
4(1476 1520 1521 1477)
4(1517 1518 1521 1520)
4(1478 1522 1523 1479)
4(1520 1521 1523 1522)
4(1482 1524 1525 1483)
4(1522 1523 1525 1524)
4(1484 1526 1527 1485)
4(1524 1525 1527 1526)
4(1486 1528 1529 1487)
4(1526 1527 1529 1528)
4(1488 1530 1531 1489)
4(1528 1529 1531 1530)
4(1491 1534 1535 1492)
4(1530 1531 1535 1534)
4(1495 1538 1539 1496)
4(1534 1535 1539 1538)
4(1498 1540 1541 1499)
4(1538 1539 1541 1540)
4(1503 1544 1545 1504)
4(1540 1541 1545 1544)
4(1510 1548 1549 1511)
4(1544 1545 1549 1548)
4(1548 1549 1556 1557)
4(1493 1536 1537 1494)
4(1536 1563 1564 1537)
4(1500 1542 1543 1501)
4(1536 1537 1543 1542)
4(1505 1546 1547 1506)
4(1542 1543 1547 1546)
4(1512 1550 1551 1513)
4(1546 1547 1551 1550)
4(1515 1552 1553 1516)
4(1550 1551 1553 1552)
4(1517 1554 1555 1518)
4(1552 1553 1555 1554)
4(1520 1558 1559 1521)
4(1554 1555 1559 1558)
4(1522 1561 1562 1523)
4(1558 1559 1562 1561)
4(1524 1565 1566 1525)
4(1561 1562 1566 1565)
4(1526 1567 1568 1527)
4(1565 1566 1568 1567)
4(1528 1569 1570 1529)
4(1567 1568 1570 1569)
4(1530 1571 1572 1531)
4(1569 1570 1572 1571)
4(1534 1574 1575 1535)
4(1571 1572 1575 1574)
4(1538 1576 1577 1539)
4(1574 1575 1577 1576)
4(1540 1579 1580 1541)
4(1576 1577 1580 1579)
4(1544 1582 1583 1545)
4(1579 1580 1583 1582)
4(1548 1584 1585 1549)
4(1582 1583 1585 1584)
4(1584 1585 1602 1603)
4(1536 1588 1589 1537)
4(1588 1608 1609 1589)
4(1542 1592 1593 1543)
4(1588 1589 1593 1592)
4(1546 1594 1595 1547)
4(1592 1593 1595 1594)
4(1550 1596 1597 1551)
4(1594 1595 1597 1596)
4(1552 1598 1599 1553)
4(1596 1597 1599 1598)
4(1554 1600 1601 1555)
4(1598 1599 1601 1600)
4(1558 1604 1605 1559)
4(1600 1601 1605 1604)
4(1561 1606 1607 1562)
4(1604 1605 1607 1606)
4(1565 1610 1611 1566)
4(1606 1607 1611 1610)
4(1567 1612 1613 1568)
4(1610 1611 1613 1612)
4(1569 1614 1615 1570)
4(1612 1613 1615 1614)
4(1571 1617 1618 1572)
4(1614 1615 1618 1617)
4(1574 1619 1620 1575)
4(1617 1618 1620 1619)
4(1576 1621 1622 1577)
4(1619 1620 1622 1621)
4(1579 1623 1624 1580)
4(1621 1622 1624 1623)
4(1582 1625 1626 1583)
4(1623 1624 1626 1625)
4(1584 1627 1628 1585)
4(1625 1626 1628 1627)
4(1627 1628 1642 1643)
4(1588 1629 1630 1589)
4(1592 1631 1632 1593)
4(1594 1633 1634 1595)
4(1596 1636 1637 1597)
4(1598 1638 1639 1599)
4(1600 1640 1641 1601)
4(1604 1644 1645 1605)
4(1606 1646 1647 1607)
4(1610 1650 1651 1611)
4(1612 1652 1653 1613)
4(1614 1654 1655 1615)
4(1617 1656 1657 1618)
4(1619 1658 1659 1620)
4(1621 1660 1661 1622)
4(1623 1663 1664 1624)
4(1625 1665 1666 1626)
4(1627 1667 1668 1628)
4(652 645 646 653)
4(652 657 649 645)
4(657 661 654 649)
4(661 664 658 654)
4(664 667 662 658)
4(667 670 665 662)
4(670 674 668 665)
4(674 677 671 668)
4(677 680 675 671)
4(680 682 678 675)
4(682 684 681 678)
4(684 685 683 681)
4(645 639 642 646)
4(645 649 643 639)
4(649 654 648 643)
4(654 658 651 648)
4(658 662 656 651)
4(662 665 660 656)
4(665 668 663 660)
4(668 671 666 663)
4(671 675 669 666)
4(675 678 672 669)
4(678 681 676 672)
4(681 683 679 676)
4(639 622 636 642)
4(639 643 627 622)
4(643 648 630 627)
4(648 651 633 630)
4(651 656 637 633)
4(656 660 640 637)
4(660 663 644 640)
4(663 666 647 644)
4(666 669 650 647)
4(669 672 655 650)
4(672 676 659 655)
4(676 679 673 659)
4(622 602 605 636)
4(622 627 608 602)
4(627 630 613 608)
4(630 633 616 613)
4(633 637 619 616)
4(637 640 623 619)
4(640 644 624 623)
4(644 647 628 624)
4(647 650 631 628)
4(650 655 634 631)
4(655 659 638 634)
4(659 673 641 638)
4(602 591 598 605)
4(602 608 597 591)
4(608 613 601 597)
4(613 616 607 601)
4(616 619 611 607)
4(619 623 615 611)
4(623 624 618 615)
4(624 628 621 618)
4(628 631 625 621)
4(631 634 629 625)
4(634 638 632 629)
4(638 641 635 632)
4(591 580 582 598)
4(591 597 584 580)
4(597 601 589 584)
4(601 607 593 589)
4(607 611 595 593)
4(611 615 600 595)
4(615 618 606 600)
4(618 621 610 606)
4(621 625 614 610)
4(625 629 617 614)
4(629 632 620 617)
4(632 635 626 620)
4(580 574 577 582)
4(580 584 578 574)
4(584 589 583 578)
4(589 593 586 583)
4(593 595 588 586)
4(595 600 592 588)
4(600 606 594 592)
4(606 610 596 594)
4(610 614 599 596)
4(614 617 603 599)
4(617 620 609 603)
4(620 626 612 609)
4(574 561 571 577)
4(574 578 565 561)
4(578 583 567 565)
4(583 586 569 567)
4(586 588 572 569)
4(588 592 575 572)
4(592 594 579 575)
4(594 596 581 579)
4(596 599 585 581)
4(599 603 587 585)
4(603 609 590 587)
4(609 612 604 590)
4(561 550 551 571)
4(561 565 553 550)
4(565 567 555 553)
4(567 569 557 555)
4(569 572 559 557)
4(572 575 562 559)
4(575 579 564 562)
4(579 581 566 564)
4(581 585 568 566)
4(585 587 570 568)
4(587 590 573 570)
4(590 604 576 573)
4(550 547 548 551)
4(550 553 549 547)
4(553 555 552 549)
4(555 557 554 552)
4(557 559 556 554)
4(559 562 558 556)
4(562 564 560 558)
4(564 566 563 560)
4(812 839 846 830)
4(812 814 843 839)
4(814 816 849 843)
4(816 819 851 849)
4(819 821 853 851)
4(821 824 855 853)
4(824 827 857 855)
4(827 832 859 857)
4(839 869 899 846)
4(839 843 875 869)
4(843 849 879 875)
4(849 851 883 879)
4(851 853 887 883)
4(853 855 889 887)
4(855 857 891 889)
4(857 859 895 891)
4(859 861 897 895)
4(861 863 901 897)
4(863 865 903 901)
4(865 867 905 903)
4(867 871 907 905)
4(871 873 909 907)
4(873 877 911 909)
4(877 881 913 911)
4(881 885 915 913)
4(885 892 928 915)
4(869 917 935 899)
4(869 875 919 917)
4(875 879 921 919)
4(879 883 923 921)
4(883 887 925 923)
4(887 889 927 925)
4(889 891 931 927)
4(891 895 933 931)
4(895 897 937 933)
4(897 901 939 937)
4(901 903 941 939)
4(903 905 943 941)
4(905 907 945 943)
4(907 909 947 945)
4(909 911 949 947)
4(911 913 951 949)
4(913 915 953 951)
4(915 928 966 953)
4(917 955 973 935)
4(917 919 957 955)
4(919 921 959 957)
4(921 923 961 959)
4(923 925 963 961)
4(925 927 965 963)
4(927 931 969 965)
4(931 933 971 969)
4(933 937 975 971)
4(937 939 977 975)
4(939 941 979 977)
4(941 943 981 979)
4(943 945 983 981)
4(945 947 985 983)
4(947 949 987 985)
4(949 951 989 987)
4(951 953 991 989)
4(953 966 1004 991)
4(955 993 1011 973)
4(955 957 995 993)
4(957 959 997 995)
4(959 961 999 997)
4(961 963 1001 999)
4(963 965 1003 1001)
4(965 969 1007 1003)
4(969 971 1009 1007)
4(971 975 1013 1009)
4(975 977 1015 1013)
4(977 979 1017 1015)
4(979 981 1019 1017)
4(981 983 1021 1019)
4(983 985 1023 1021)
4(985 987 1025 1023)
4(987 989 1027 1025)
4(989 991 1029 1027)
4(991 1004 1044 1029)
4(993 1031 1052 1011)
4(993 995 1033 1031)
4(995 997 1035 1033)
4(997 999 1037 1035)
4(999 1001 1039 1037)
4(1001 1003 1042 1039)
4(1003 1007 1047 1042)
4(1007 1009 1050 1047)
4(1009 1013 1054 1050)
4(1013 1015 1057 1054)
4(1015 1017 1060 1057)
4(1017 1019 1062 1060)
4(1019 1021 1065 1062)
4(1021 1023 1068 1065)
4(1023 1025 1071 1068)
4(1025 1027 1073 1071)
4(1027 1029 1076 1073)
4(1029 1044 1089 1076)
4(1031 1078 1096 1052)
4(1031 1033 1080 1078)
4(1033 1035 1082 1080)
4(1035 1037 1084 1082)
4(1037 1039 1086 1084)
4(1039 1042 1088 1086)
4(1042 1047 1092 1088)
4(1047 1050 1094 1092)
4(1050 1054 1098 1094)
4(1054 1057 1100 1098)
4(1057 1060 1102 1100)
4(1060 1062 1104 1102)
4(1062 1065 1106 1104)
4(1065 1068 1110 1106)
4(1068 1071 1114 1110)
4(1071 1073 1119 1114)
4(1073 1076 1125 1119)
4(1076 1089 1148 1125)
4(1078 1108 1123 1096)
4(1078 1080 1116 1108)
4(1080 1082 1121 1116)
4(1082 1084 1127 1121)
4(1084 1086 1129 1127)
4(1086 1088 1132 1129)
4(1088 1092 1135 1132)
4(1092 1094 1137 1135)
4(1094 1098 1140 1137)
4(1098 1100 1142 1140)
4(1100 1102 1145 1142)
4(1102 1104 1147 1145)
4(1104 1106 1152 1147)
4(1106 1110 1156 1152)
4(1110 1114 1159 1156)
4(1114 1119 1163 1159)
4(1119 1125 1168 1163)
4(1125 1148 1177 1168)
4(1108 1154 1185 1123)
4(1108 1116 1161 1154)
4(1116 1121 1166 1161)
4(1121 1127 1170 1166)
4(1127 1129 1173 1170)
4(1129 1132 1175 1173)
4(1132 1135 1180 1175)
4(1135 1137 1182 1180)
4(1137 1140 1187 1182)
4(1140 1142 1189 1187)
4(1142 1145 1192 1189)
4(1145 1147 1195 1192)
4(1147 1152 1197 1195)
4(1152 1156 1200 1197)
4(1156 1159 1202 1200)
4(1159 1163 1205 1202)
4(1163 1168 1207 1205)
4(1168 1177 1225 1207)
4(1154 1210 1233 1185)
4(1154 1161 1213 1210)
4(1161 1166 1215 1213)
4(1166 1170 1219 1215)
4(1170 1173 1222 1219)
4(1173 1175 1224 1222)
4(1175 1180 1228 1224)
4(1180 1182 1231 1228)
4(1182 1187 1236 1231)
4(1187 1189 1238 1236)
4(1189 1192 1241 1238)
4(1192 1195 1243 1241)
4(1195 1197 1246 1243)
4(1197 1200 1248 1246)
4(1200 1202 1251 1248)
4(1202 1205 1254 1251)
4(1205 1207 1256 1254)
4(1207 1225 1274 1256)
4(1210 1259 1282 1233)
4(1210 1213 1263 1259)
4(1213 1215 1265 1263)
4(1215 1219 1268 1265)
4(1219 1222 1270 1268)
4(1222 1224 1273 1270)
4(1224 1228 1277 1273)
4(1228 1231 1280 1277)
4(1231 1236 1285 1280)
4(1236 1238 1287 1285)
4(1238 1241 1290 1287)
4(1241 1243 1292 1290)
4(1243 1246 1295 1292)
4(1246 1248 1298 1295)
4(1248 1251 1300 1298)
4(1251 1254 1302 1300)
4(1254 1256 1305 1302)
4(1256 1274 1324 1305)
4(1259 1309 1333 1282)
4(1259 1263 1312 1309)
4(1263 1265 1315 1312)
4(1265 1268 1318 1315)
4(1268 1270 1320 1318)
4(1270 1273 1323 1320)
4(1273 1277 1328 1323)
4(1277 1280 1330 1328)
4(1280 1285 1335 1330)
4(1285 1287 1338 1335)
4(1287 1290 1340 1338)
4(1290 1292 1343 1340)
4(1292 1295 1346 1343)
4(1295 1298 1349 1346)
4(1298 1300 1351 1349)
4(1300 1302 1354 1351)
4(1302 1305 1357 1354)
4(1305 1324 1376 1357)
4(1309 1360 1384 1333)
4(1309 1312 1363 1360)
4(1312 1315 1366 1363)
4(1315 1318 1369 1366)
4(1318 1320 1371 1369)
4(1320 1323 1374 1371)
4(1323 1328 1379 1374)
4(1328 1330 1382 1379)
4(1330 1335 1386 1382)
4(1335 1338 1389 1386)
4(1338 1340 1392 1389)
4(1340 1343 1394 1392)
4(1343 1346 1397 1394)
4(1346 1349 1400 1397)
4(1349 1351 1403 1400)
4(1351 1354 1405 1403)
4(1354 1357 1408 1405)
4(1357 1376 1427 1408)
4(1360 1411 1435 1384)
4(1360 1363 1415 1411)
4(1363 1366 1417 1415)
4(1366 1369 1420 1417)
4(1369 1371 1423 1420)
4(1371 1374 1426 1423)
4(1374 1379 1430 1426)
4(1379 1382 1433 1430)
4(1382 1386 1438 1433)
4(1386 1389 1440 1438)
4(1389 1392 1443 1440)
4(1392 1394 1446 1443)
4(1394 1397 1448 1446)
4(1397 1400 1450 1448)
4(1400 1403 1454 1450)
4(1403 1405 1457 1454)
4(1405 1408 1459 1457)
4(1408 1427 1474 1459)
4(1411 1463 1481 1435)
4(1411 1415 1465 1463)
4(1415 1417 1467 1465)
4(1417 1420 1469 1467)
4(1420 1423 1471 1469)
4(1423 1426 1473 1471)
4(1426 1430 1477 1473)
4(1430 1433 1479 1477)
4(1433 1438 1483 1479)
4(1438 1440 1485 1483)
4(1440 1443 1487 1485)
4(1443 1446 1489 1487)
4(1446 1448 1492 1489)
4(1448 1450 1496 1492)
4(1450 1454 1499 1496)
4(1454 1457 1504 1499)
4(1457 1459 1511 1504)
4(1459 1474 1532 1511)
4(1463 1494 1508 1481)
4(1463 1465 1501 1494)
4(1465 1467 1506 1501)
4(1467 1469 1513 1506)
4(1469 1471 1516 1513)
4(1471 1473 1518 1516)
4(1473 1477 1521 1518)
4(1477 1479 1523 1521)
4(1479 1483 1525 1523)
4(1483 1485 1527 1525)
4(1485 1487 1529 1527)
4(1487 1489 1531 1529)
4(1489 1492 1535 1531)
4(1492 1496 1539 1535)
4(1496 1499 1541 1539)
4(1499 1504 1545 1541)
4(1504 1511 1549 1545)
4(1511 1532 1556 1549)
4(1494 1537 1564 1508)
4(1494 1501 1543 1537)
4(1501 1506 1547 1543)
4(1506 1513 1551 1547)
4(1513 1516 1553 1551)
4(1516 1518 1555 1553)
4(1518 1521 1559 1555)
4(1521 1523 1562 1559)
4(1523 1525 1566 1562)
4(1525 1527 1568 1566)
4(1527 1529 1570 1568)
4(1529 1531 1572 1570)
4(1531 1535 1575 1572)
4(1535 1539 1577 1575)
4(1539 1541 1580 1577)
4(1541 1545 1583 1580)
4(1545 1549 1585 1583)
4(1549 1556 1602 1585)
4(1537 1589 1609 1564)
4(1537 1543 1593 1589)
4(1543 1547 1595 1593)
4(1547 1551 1597 1595)
4(1551 1553 1599 1597)
4(1553 1555 1601 1599)
4(1555 1559 1605 1601)
4(1559 1562 1607 1605)
4(1562 1566 1611 1607)
4(1566 1568 1613 1611)
4(1568 1570 1615 1613)
4(1570 1572 1618 1615)
4(1572 1575 1620 1618)
4(1575 1577 1622 1620)
4(1577 1580 1624 1622)
4(1580 1583 1626 1624)
4(1583 1585 1628 1626)
4(1585 1602 1642 1628)
4(1589 1630 1649 1609)
4(1589 1593 1632 1630)
4(1593 1595 1634 1632)
4(1595 1597 1637 1634)
4(1597 1599 1639 1637)
4(1599 1601 1641 1639)
4(1601 1605 1645 1641)
4(1605 1607 1647 1645)
4(1607 1611 1651 1647)
4(1611 1613 1653 1651)
4(1613 1615 1655 1653)
4(1615 1618 1657 1655)
4(1618 1620 1659 1657)
4(1620 1622 1661 1659)
4(1622 1624 1664 1661)
4(1624 1626 1666 1664)
4(1626 1628 1668 1666)
4(1628 1642 1675 1668)
4(468 216 99 86)
4(216 233 112 99)
4(233 246 125 112)
4(246 263 138 125)
4(263 271 151 138)
4(271 285 164 151)
4(285 298 177 164)
4(298 311 190 177)
4(311 320 203 190)
3(450 468 451)
4(394 426 427 395)
4(443 447 426 394)
4(450 451 447 443)
4(467 216 468 450)
4(481 233 216 467)
4(494 246 233 481)
4(494 271 263 246)
4(507 285 271 494)
4(520 298 285 507)
4(533 311 298 520)
4(546 320 311 533)
4(443 394 576 604)
4(450 443 604 612)
4(467 450 612 626)
4(481 467 626 635)
4(494 481 635 641)
4(507 494 641 673)
4(520 507 673 679)
4(533 520 679 683)
4(546 533 683 685)
4(395 427 34 21)
4(427 426 47 34)
4(426 447 60 47)
4(447 451 73 60)
4(451 468 86 73)
4(1713 1805 1800 1706)
4(1805 1806 1801 1800)
4(1806 1807 1802 1801)
4(1807 1808 1803 1802)
4(1808 1809 1804 1803)
4(1706 1800 1795 1704)
4(1800 1801 1796 1795)
4(1801 1802 1797 1796)
4(1802 1803 1798 1797)
4(1803 1804 1799 1798)
4(1704 1795 1790 1697)
4(1795 1796 1791 1790)
4(1796 1797 1792 1791)
4(1797 1798 1793 1792)
4(1798 1799 1794 1793)
4(1697 1790 1785 1695)
4(1790 1791 1786 1785)
4(1791 1792 1787 1786)
4(1792 1793 1788 1787)
4(1793 1794 1789 1788)
4(1695 1785 1780 1688)
4(1785 1786 1781 1780)
4(1786 1787 1782 1781)
4(1787 1788 1783 1782)
4(1788 1789 1784 1783)
4(1688 1780 1775 1686)
4(1780 1781 1776 1775)
4(1781 1782 1777 1776)
4(1782 1783 1778 1777)
4(1783 1784 1779 1778)
4(1686 1775 1770 1681)
4(1775 1776 1771 1770)
4(1776 1777 1772 1771)
4(1777 1778 1773 1772)
4(1778 1779 1774 1773)
4(1681 1770 1765 1678)
4(1770 1771 1766 1765)
4(1771 1772 1767 1766)
4(1772 1773 1768 1767)
4(1773 1774 1769 1768)
4(1678 1765 1760 1677)
4(1765 1766 1761 1760)
4(1766 1767 1762 1761)
4(1767 1768 1763 1762)
4(1768 1769 1764 1763)
4(1677 1760 1755 1662)
4(1760 1761 1756 1755)
4(1761 1762 1757 1756)
4(1762 1763 1758 1757)
4(1763 1764 1759 1758)
4(1662 1755 1750 1635)
4(1755 1756 1751 1750)
4(1756 1757 1752 1751)
4(1757 1758 1753 1752)
4(1758 1759 1754 1753)
4(1635 1750 1745 1616)
4(1750 1751 1746 1745)
4(1751 1752 1747 1746)
4(1752 1753 1748 1747)
4(1753 1754 1749 1748)
4(1616 1745 1740 1591)
4(1745 1746 1741 1740)
4(1746 1747 1742 1741)
4(1747 1748 1743 1742)
4(1748 1749 1744 1743)
4(1591 1740 1735 1560)
4(1740 1741 1736 1735)
4(1741 1742 1737 1736)
4(1742 1743 1738 1737)
4(1743 1744 1739 1738)
4(34 1591 1560 21)
4(47 1616 1591 34)
4(60 1635 1616 47)
4(73 1662 1635 60)
4(86 1677 1662 73)
4(99 1678 1677 86)
4(112 1681 1678 99)
4(125 1686 1681 112)
4(138 1688 1686 125)
4(151 1695 1688 138)
4(164 1697 1695 151)
4(177 1704 1697 164)
4(190 1706 1704 177)
4(203 1713 1706 190)
4(460 88 101 221)
4(221 101 114 236)
4(236 114 127 248)
4(248 127 140 257)
4(257 140 153 275)
4(275 153 166 288)
4(288 166 179 301)
4(301 179 192 314)
3(448 449 454)
4(372 354 355 373)
4(372 373 398 399)
4(414 372 399 432)
4(448 414 432 449)
4(452 448 454 460)
4(470 452 460 221)
4(483 470 221 236)
4(483 236 248 257)
4(495 483 257 275)
4(509 495 275 288)
4(522 509 288 301)
4(535 522 301 314)
4(372 551 548 354)
4(414 571 551 372)
4(448 577 571 414)
4(452 582 577 448)
4(470 598 582 452)
4(483 605 598 470)
4(495 636 605 483)
4(509 642 636 495)
4(522 646 642 509)
4(535 653 646 522)
4(355 1 10 373)
4(373 10 23 398)
4(398 23 36 399)
4(399 36 49 432)
4(432 49 62 449)
4(449 62 75 454)
4(454 75 88 460)
4(718 88 75 690)
4(726 101 88 718)
4(739 114 101 726)
4(752 127 114 739)
4(765 140 127 752)
4(778 153 140 765)
4(796 166 153 778)
4(804 179 166 796)
4(835 192 179 804)
4(829 830 846 845)
4(845 846 899 898)
4(898 899 935 934)
4(934 935 973 972)
4(972 973 1011 1010)
4(1010 1011 1052 1051)
4(1051 1052 1096 1095)
4(1095 1096 1123 1122)
4(1111 1043 829 845)
4(1122 1123 1185 1184)
4(1184 1185 1233 1232)
4(1217 1111 845 898)
4(1232 1233 1282 1281)
4(1306 1217 898 934)
4(1281 1282 1333 1332)
4(1332 1333 1384 1383)
4(1375 1306 934 972)
4(1383 1384 1435 1434)
4(1452 1375 972 1010)
4(1434 1435 1481 1480)
4(1480 1481 1508 1507)
4(690 1452 1010 1051)
4(1507 1508 1564 1563)
4(1563 1564 1609 1608)
4(690 1051 1095 1122)
4(1608 1609 1649 1648)
4(718 690 1122 1184)
4(726 718 1184 1232)
4(739 726 1232 1281)
4(752 739 1281 1332)
4(765 752 1332 1383)
4(778 765 1383 1434)
4(778 1434 1480 1507)
4(796 778 1507 1563)
4(804 796 1563 1608)
4(835 804 1608 1648)
4(1111 10 1 1043)
4(1217 23 10 1111)
4(1306 36 23 1217)
4(1375 49 36 1306)
4(1452 62 49 1375)
4(690 75 62 1452)
4(893 929 928 892)
4(929 967 966 928)
4(967 1005 1004 966)
4(1005 1045 1044 1004)
4(1045 1090 1089 1044)
4(1090 1149 1148 1089)
4(1149 1178 1177 1148)
4(1178 1226 1225 1177)
4(1226 1275 1274 1225)
4(1296 929 893 1211)
4(1275 1325 1324 1274)
4(1325 1377 1376 1324)
4(1367 967 929 1296)
4(1377 1428 1427 1376)
4(1444 1005 967 1367)
4(1428 1475 1474 1427)
4(1475 1533 1532 1474)
4(1519 1045 1005 1444)
4(1533 1557 1556 1532)
4(1557 1603 1602 1556)
4(1590 1090 1045 1519)
4(1603 1643 1642 1602)
4(1590 1178 1149 1090)
4(1643 1676 1675 1642)
4(1674 1226 1178 1590)
4(1685 1275 1226 1674)
4(1694 1325 1275 1685)
4(1703 1377 1325 1694)
4(1712 1428 1377 1703)
4(1719 1475 1428 1712)
4(1719 1557 1533 1475)
4(1724 1603 1557 1719)
4(1729 1643 1603 1724)
4(1734 1676 1643 1729)
4(1296 1211 1739 1744)
4(1367 1296 1744 1749)
4(1444 1367 1749 1754)
4(1519 1444 1754 1759)
4(1590 1519 1759 1764)
4(1674 1590 1764 1769)
4(1685 1674 1769 1774)
4(1694 1685 1774 1779)
4(1703 1694 1779 1784)
4(1712 1703 1784 1789)
4(1719 1712 1789 1794)
4(1724 1719 1794 1799)
4(1729 1724 1799 1804)
4(1734 1729 1804 1809)
4(534 535 314 307)
4(534 307 308 536)
4(536 308 309 537)
4(537 309 310 538)
4(538 310 312 539)
4(539 312 313 540)
4(540 313 315 541)
4(541 315 316 542)
4(542 316 317 543)
4(543 317 318 544)
4(544 318 319 545)
4(545 319 320 546)
4(534 652 653 535)
4(534 536 657 652)
4(536 537 661 657)
4(537 538 664 661)
4(538 539 667 664)
4(539 540 670 667)
4(540 541 674 670)
4(541 542 677 674)
4(542 543 680 677)
4(543 544 682 680)
4(544 545 684 682)
4(545 546 685 684)
4(307 314 192 191)
4(307 191 193 308)
4(308 193 194 309)
4(309 194 195 310)
4(310 195 196 312)
4(312 196 197 313)
4(313 197 198 315)
4(315 198 199 316)
4(316 199 200 317)
4(317 200 201 318)
4(318 201 202 319)
4(319 202 203 320)
4(817 835 1648 1629)
4(817 1629 1631 822)
4(822 1631 1633 825)
4(825 1633 1636 828)
4(828 1636 1638 833)
4(833 1638 1640 834)
4(834 1640 1644 836)
4(836 1644 1646 837)
4(837 1646 1650 840)
4(840 1650 1652 841)
4(841 1652 1654 844)
4(844 1654 1656 847)
4(847 1656 1658 1714)
4(1714 1658 1660 1730)
4(1730 1660 1663 1731)
4(1731 1663 1665 1732)
4(1732 1665 1667 1733)
4(1733 1667 1676 1734)
4(817 191 192 835)
4(817 822 193 191)
4(822 825 194 193)
4(825 828 195 194)
4(828 833 196 195)
4(833 834 197 196)
4(834 836 198 197)
4(836 837 199 198)
4(837 840 200 199)
4(840 841 201 200)
4(841 844 202 201)
4(844 847 203 202)
4(847 1714 1713 203)
4(1714 1730 1805 1713)
4(1730 1731 1806 1805)
4(1731 1732 1807 1806)
4(1732 1733 1808 1807)
4(1733 1734 1809 1808)
4(1629 1648 1649 1630)
4(1629 1630 1632 1631)
4(1631 1632 1634 1633)
4(1633 1634 1637 1636)
4(1636 1637 1639 1638)
4(1638 1639 1641 1640)
4(1640 1641 1645 1644)
4(1644 1645 1647 1646)
4(1646 1647 1651 1650)
4(1650 1651 1653 1652)
4(1652 1653 1655 1654)
4(1654 1655 1657 1656)
4(1656 1657 1659 1658)
4(1658 1659 1661 1660)
4(1660 1661 1664 1663)
4(1663 1664 1666 1665)
4(1665 1666 1668 1667)
4(1667 1668 1675 1676)
4(353 352 355 354)
4(353 356 357 352)
4(356 358 359 357)
4(358 360 361 359)
4(360 362 363 361)
4(362 364 365 363)
4(364 366 367 365)
4(366 368 369 367)
4(386 387 369 368)
4(386 388 389 387)
4(388 390 391 389)
4(390 392 393 391)
4(392 394 395 393)
4(386 566 568 388)
4(388 568 570 390)
4(390 570 573 392)
4(392 573 576 394)
4(353 354 548 547)
4(353 547 549 356)
4(356 549 552 358)
4(358 552 554 360)
4(360 554 556 362)
4(362 556 558 364)
4(364 558 560 366)
4(386 368 563 566)
4(366 560 563 368)
4(352 0 1 355)
4(352 357 2 0)
4(357 359 3 2)
4(359 361 4 3)
4(361 363 5 4)
4(363 365 6 5)
4(365 367 7 6)
4(367 369 8 7)
4(369 387 17 8)
4(387 389 18 17)
4(389 391 19 18)
4(391 393 20 19)
4(393 395 21 20)
4(1040 811 829 1043)
4(1040 1048 813 811)
4(1048 1055 815 813)
4(1055 1058 818 815)
4(1058 1063 820 818)
4(1063 1066 823 820)
4(1066 1069 826 823)
4(1157 858 831 1074)
4(1069 1074 831 826)
4(1157 1164 860 858)
4(1164 1171 862 860)
4(1171 1176 864 862)
4(1176 1183 866 864)
4(1183 1190 870 866)
4(1190 1193 872 870)
4(1193 1198 876 872)
4(1198 1203 880 876)
4(1203 1208 884 880)
4(1208 1211 893 884)
4(1157 17 18 1164)
4(1164 18 19 1171)
4(1171 19 20 1176)
4(1176 20 21 1183)
4(1183 21 1560 1190)
4(1190 1560 1735 1193)
4(1193 1735 1736 1198)
4(1198 1736 1737 1203)
4(1203 1737 1738 1208)
4(1208 1738 1739 1211)
4(1040 1043 1 0)
4(1040 0 2 1048)
4(1048 2 3 1055)
4(1055 3 4 1058)
4(1058 4 5 1063)
4(1063 5 6 1066)
4(1066 6 7 1069)
4(1157 1074 8 17)
4(1069 7 8 1074)
4(811 812 830 829)
4(811 813 814 812)
4(813 815 816 814)
4(815 818 819 816)
4(818 820 821 819)
4(820 823 824 821)
4(823 826 827 824)
4(826 831 832 827)
4(831 858 859 832)
4(858 860 861 859)
4(860 862 863 861)
4(862 864 865 863)
4(864 866 867 865)
4(866 870 871 867)
4(870 872 873 871)
4(872 876 877 873)
4(876 880 881 877)
4(880 884 885 881)
4(884 893 892 885)
)


// ************************************************************************* //
