/*--------------------------------*- C++ -*----------------------------------*\
| =========                 |                                                 |
| \\      /  F ield         | OpenFOAM: The Open Source CFD Toolbox           |
|  \\    /   O peration     | Version:  2.4.0                                 |
|   \\  /    A nd           | Web:      www.OpenFOAM.org                      |
|    \\/     M anipulation  |                                                 |
\*---------------------------------------------------------------------------*/
FoamFile
{
    version     2.0;
    format      ascii;
    class       labelList;
    location    "constant/polyMesh";
    object      pointProcAddressing;
}
// * * * * * * * * * * * * * * * * * * * * * * * * * * * * * * * * * * * * * //


1810
(
442
443
446
448
449
451
453
454
456
465
466
468
470
471
473
474
475
476
477
478
479
480
481
482
483
484
485
486
487
488
489
490
491
492
493
494
495
496
497
498
499
500
501
502
503
504
505
506
507
508
509
510
511
512
513
514
515
516
517
518
519
520
521
522
523
524
525
526
527
528
529
530
531
532
533
534
535
536
537
538
539
540
541
542
543
544
545
546
547
548
549
550
551
552
553
554
555
556
557
558
559
560
561
562
563
564
565
566
567
568
569
570
571
572
573
574
575
576
577
578
579
580
581
582
583
584
585
586
587
588
589
590
591
592
593
594
595
596
597
598
599
600
601
602
603
604
605
606
607
608
609
610
611
612
613
614
615
616
617
618
619
620
621
622
623
624
625
626
627
628
629
630
631
632
633
634
635
636
637
638
639
640
641
642
643
644
645
646
647
648
649
650
651
652
653
654
655
656
657
658
659
660
661
662
769
770
771
772
773
774
777
778
781
782
783
784
787
788
789
795
796
799
800
801
802
808
809
814
817
825
830
834
836
837
839
841
842
844
846
848
850
852
855
858
859
860
863
865
868
869
871
874
877
878
880
884
885
887
888
892
895
897
901
904
905
909
910
912
915
917
920
922
923
926
929
931
932
933
936
937
939
942
946
948
950
951
953
955
956
958
960
962
964
966
969
972
977
980
982
984
985
986
989
991
993
995
998
1003
1007
1011
1015
1016
1020
1025
1026
1030
1032
1036
1040
1043
1062
1576
1577
1578
1583
1584
1585
1591
1592
1593
1598
1599
1600
1604
1605
1606
1609
1610
1611
1616
1617
1618
1623
1624
1625
1629
1630
1631
1635
1636
1640
1641
1642
1643
1645
1647
1648
1649
1652
1653
1656
1657
1658
1661
1662
1664
1666
1667
1669
1671
1680
1681
1682
1683
1684
1685
1686
1687
1688
1689
1690
1691
1692
1693
1694
1695
1696
1697
1698
1699
1700
1701
1702
1703
1704
1705
1706
1707
1708
1709
1710
1711
1712
1713
1714
1715
1716
1717
1718
1719
1720
1721
1722
1723
1724
1725
1726
1727
1728
1729
1730
1731
1732
1733
1734
1735
1736
1737
1738
1739
1740
1741
1742
1743
1744
1745
1746
1747
1748
1749
1750
1751
1752
1753
1754
1755
1756
1757
1758
1759
1760
1761
1762
1763
1764
1765
1766
1767
1768
1769
1770
1771
1772
1773
1774
1775
1776
1777
1778
1779
1780
1781
1782
1783
1784
1785
1786
1787
1788
1789
1790
1791
1792
1793
1794
1795
1796
1797
1798
1799
1800
1801
1802
1803
1804
1805
1806
1807
1808
1809
1810
1811
1812
1813
1814
1815
1816
1817
1818
1819
1820
1821
1822
1823
1824
1825
1826
1827
1828
1829
1830
1831
1832
1833
1834
1835
1836
1837
1838
1839
1840
1841
1842
1843
1844
1845
1846
1847
1848
1849
1850
1851
1852
1853
1854
1855
1856
2128
2130
2133
2138
2139
2140
2143
2144
2148
2149
2152
2153
2155
2157
2159
2160
2161
2165
2169
2170
2173
2174
2177
2178
2180
2182
2183
2184
2185
2186
2187
2189
2190
2191
2193
2194
2195
2196
2197
2199
2200
2201
2202
2203
2204
2205
2207
2208
2211
2212
2213
2214
2215
2216
2217
2219
2220
2221
2222
2223
2224
2225
2226
2228
2229
2230
2231
2233
2234
2235
2236
2238
2239
2240
2241
2242
2243
2245
2246
2248
2249
2250
2251
2253
2254
2255
2256
2257
2258
2259
2261
2262
2263
2265
2266
2267
2268
2269
2271
2272
2273
2274
2275
2276
2277
2278
2282
2283
2284
2287
2288
2291
2292
2294
2296
2297
2298
2299
2301
2302
2305
2306
2307
2311
2312
2313
2314
2316
2317
2319
2321
2322
2323
2327
2328
2330
2332
2334
2339
2454
2455
2460
2461
2468
2469
2470
2471
2476
2477
2478
2483
2484
2485
2492
2493
2494
2501
2502
2507
2508
2598
2614
2616
2621
2624
2627
2633
2638
2644
2651
2659
2665
2671
2732
2742
2747
2754
2758
2765
2771
2772
2779
2786
2791
2797
2801
2827
2833
2837
2839
2843
2845
2850
2851
2855
2859
2863
2869
2874
2895
2901
2903
2907
2913
2919
2928
2929
2935
2939
2945
2949
2956
2986
2996
3005
3008
3013
3018
3027
3028
3035
3046
3051
3062
3071
3113
3131
3139
3147
3154
3160
3168
3169
3179
3188
3199
3207
3217
3307
3325
3332
3343
3350
3358
3364
3370
3378
3383
3396
3398
3401
3441
3457
3465
3473
3480
3494
3501
3502
3513
3523
3532
3541
3550
3563
3564
3576
3577
3582
3583
3584
3591
3592
3597
3598
3599
3605
3606
3608
3613
3614
3618
3623
3624
3627
3628
3629
3637
3644
3645
3650
3654
3655
3658
3666
3673
3674
3675
3680
3681
3685
3686
3687
3694
3695
3701
3702
3708
3709
3714
3715
3724
3725
3732
3733
3739
3740
3746
3747
3753
3754
3756
3757
3759
3760
3764
3765
3767
3768
3770
3771
3772
3773
3775
3776
3777
3778
3779
3780
3781
3782
3787
3788
3790
3791
3793
3794
3795
3796
3798
3799
3800
3801
3802
3803
3805
3806
3808
3809
3812
3813
3814
3815
3820
3821
3826
3827
3832
3833
3840
3841
3849
3850
3854
3855
3859
3860
3862
3863
3868
3869
3873
3874
3876
3877
3881
3882
3885
3886
3888
3889
3897
3898
3900
3901
3902
3903
3905
3906
3907
3908
3910
3911
3912
3913
3915
3916
3919
3920
3923
3924
3927
3928
3933
3934
3936
3937
3939
3940
3944
3945
3946
3947
3949
3950
3952
3953
3955
3956
3959
3960
3963
3964
3969
3970
3974
3975
3976
3977
3983
3984
3987
3988
3990
3991
3995
3996
4000
4001
4004
4005
4007
4008
4011
4012
4014
4015
4020
4021
4023
4024
4025
4026
4029
4030
4031
4032
4034
4035
4039
4040
4043
4044
4046
4047
4050
4051
4053
4054
4056
4057
4060
4061
4066
4067
4069
4070
4071
4072
4075
4076
4077
4078
4080
4081
4082
4083
4084
4085
4087
4088
4089
4091
4092
4093
4094
4095
4096
4098
4102
4103
4105
4106
4107
4110
4111
4112
4114
4115
4116
4118
4119
4121
4122
4123
4125
4126
4127
4128
4129
4132
4133
4136
4137
4138
4139
4141
4142
4145
4146
4148
4149
4151
4152
4153
4154
4157
4158
4159
4160
4163
4164
4165
4166
4169
4170
4173
4174
4180
4181
4182
4183
4185
4186
4188
4189
4190
4191
4192
4193
4195
4196
4197
4198
4199
4200
4201
4203
4204
4205
4206
4208
4209
4210
4211
4212
4213
4214
4215
4216
4217
4218
4219
4220
4222
4223
4224
4225
4226
4227
4228
4229
4230
4231
4232
4233
4234
4235
4236
4237
4238
4239
4240
4241
4242
4243
4244
4245
4246
4247
4248
4249
4250
4251
4252
4253
4254
4256
4257
4258
4259
4260
4261
4262
4264
4265
4266
4267
4268
4269
4270
4271
4272
4273
4277
4278
4279
4280
4281
4282
4283
4287
4288
4289
4293
4294
4295
4296
4297
4301
4302
4303
4311
4312
4313
4317
4318
4322
4323
4324
4325
4326
4327
4331
4332
4333
4337
4338
4339
4340
4343
4344
4348
4349
4350
4354
4355
4356
4357
4358
4361
4362
4364
4366
4367
4371
4372
4373
4378
4379
4380
4381
4382
4387
4388
4392
4393
4394
4396
4397
4398
4400
4401
4402
4404
4405
4406
4408
4409
4410
4412
4413
4414
4415
4416
4418
4419
4420
4421
4422
4423
4424
4426
4427
4428
4429
4430
4431
4432
4433
4434
4436
4437
4438
4439
4440
4441
4443
4444
4445
4446
4447
4449
4450
4452
4453
4454
4455
4456
4457
4459
4461
4462
4463
4465
4466
4467
4469
4470
4471
4473
4474
4476
4477
4479
4481
4482
4483
4484
4485
4487
4488
4492
4493
4494
4495
4496
4497
4498
4499
4500
4501
4505
4506
4507
4511
4512
4513
4514
4515
4519
4520
4521
4525
4526
4527
4528
4529
4535
4536
4537
4541
4543
4544
4548
4553
4554
4555
4560
4561
4563
4564
4565
4570
4571
4576
4577
4578
4579
4581
4582
4583
4584
4587
4589
4590
4595
4596
4598
4599
4600
4601
4602
4607
4608
4609
4613
4614
4615
4619
4620
4621
4622
4623
4625
4626
4627
4629
4630
4631
4633
4634
4636
4637
4638
4640
4643
4645
4646
4648
4649
4650
4652
4653
4655
4657
4658
4660
4661
4662
4666
4667
4668
4669
4670
4672
4673
4675
4676
4677
4679
4680
4682
4683
4684
4686
4687
4689
4690
4691
4693
4694
4695
4696
4697
4698
4701
4702
4703
4704
4705
4707
4708
4709
4712
4713
4714
4717
4718
4720
4721
4724
4725
4727
4728
4732
4733
4735
4736
4737
4738
4743
4744
4745
4746
4749
4750
4754
4755
4757
4758
4761
4762
4764
4765
4766
4767
4768
4769
4770
4771
4772
4773
4774
4775
4776
4777
4778
4779
4780
4781
4782
4783
4784
4785
4786
4787
4788
4789
4790
4791
4792
4794
4795
4796
4797
4798
4799
4800
4801
4802
4803
4804
4805
4806
4807
4808
4812
4813
4814
4815
4816
4817
4819
4820
4821
4822
4823
4824
4828
4829
4830
4831
4835
4836
4837
4838
4842
4843
4844
4845
4849
4850
4851
4852
4853
4857
4858
4859
4860
4864
4865
4868
4869
4873
4874
4879
4880
4881
4887
4888
4889
4892
4893
4900
4901
4902
4908
4909
4910
4916
4919
4920
4925
4926
4934
4935
4938
4939
4946
4947
4954
4955
4958
4959
4961
4962
4965
4966
4970
4971
4972
4973
4974
4975
4979
4980
4983
4984
4987
4988
4989
4990
4991
4992
4993
4994
4995
4996
4997
4998
4999
5000
5001
5002
5003
5004
5005
5006
5007
5008
5009
5010
5011
5012
5013
5014
5015
5016
5017
5018
5019
5020
5021
5022
5023
5024
5026
5027
5028
5029
5030
5031
5032
5033
5034
5035
5036
5037
5038
5039
5040
5041
5043
5044
5047
5050
5053
5055
5056
5057
5101
5129
5134
5141
5143
5147
5153
5157
5177
5178
5225
5226
5238
5243
5252
5255
5261
5269
5270
5322
5323
5359
5364
5370
5376
5385
5418
5419
5462
5463
5484
5491
5499
5504
5514
5519
5520
5637
5643
5650
5658
5668
5788
5796
5801
5803
5805
5899
5904
5909
5913
5915
5951
5953
5956
5962
5965
6175
6178
6180
6185
6194
6196
6199
6201
6204
6212
6215
6218
6221
6225
6234
6237
6240
6242
6244
6257
6259
6261
6265
6268
6276
6279
6283
6285
6289
6301
6313
6316
6318
6321
6338
6341
6344
6348
6351
6361
6364
6367
6370
6373
6378
6381
6384
6387
6390
6405
6408
6411
6414
6417
6424
6427
6428
6431
6434
6445
6462
6465
6468
6471
6488
6493
6496
6499
6502
6513
6516
6517
6520
6521
6530
)


// ************************************************************************* //
