        2.   0.000000E+00
       42.   0.000000E+00
       62.   0.000000E+00
       63.   0.000000E+00
       64.   0.000000E+00
       65.   0.000000E+00
       66.   0.000000E+00
       67.   0.000000E+00
       68.   0.000000E+00
       69.   0.000000E+00
       70.   0.000000E+00
       71.   0.000000E+00
       72.   0.000000E+00
       73.   0.000000E+00
       74.   0.000000E+00
       75.   0.000000E+00
       76.   0.000000E+00
       77.   0.000000E+00
       78.   0.000000E+00
       79.   0.000000E+00
       80.   0.000000E+00
      486.   0.000000E+00
      487.   0.000000E+00
      488.   0.000000E+00
      489.   0.000000E+00
      490.   0.000000E+00
      491.   0.000000E+00
      492.   0.000000E+00
      493.   0.000000E+00
      494.   0.000000E+00
      495.   0.000000E+00
      496.   0.000000E+00
      497.   0.000000E+00
      498.   0.000000E+00
      499.   0.000000E+00
      500.   0.000000E+00
      501.   0.000000E+00
      502.   0.000000E+00
      503.   0.000000E+00
      504.   0.000000E+00
      505.   0.000000E+00
      506.   0.000000E+00
      971.   0.000000E+00
      972.   0.000000E+00
      973.   0.000000E+00
      974.   0.000000E+00
      975.   0.000000E+00
      976.   0.000000E+00
      977.   0.000000E+00
      978.   0.000000E+00
      979.   0.000000E+00
      980.   0.000000E+00
      981.   0.000000E+00
      982.   0.000000E+00
      983.   0.000000E+00
      984.   0.000000E+00
      985.   0.000000E+00
      986.   0.000000E+00
      987.   0.000000E+00
      988.   0.000000E+00
      989.   0.000000E+00
      990.   0.000000E+00
      991.   0.000000E+00
      992.   0.000000E+00
      993.   0.000000E+00
      994.   0.000000E+00
      995.   0.000000E+00
      996.   0.000000E+00
      997.   0.000000E+00
      998.   0.000000E+00
      999.   0.000000E+00
     1000.   0.000000E+00
     1001.   0.000000E+00
     1002.   0.000000E+00
     1003.   0.000000E+00
     1004.   0.000000E+00
     1005.   0.000000E+00
     1006.   0.000000E+00
     1007.   0.000000E+00
     1008.   0.000000E+00
     1009.   0.000000E+00
     1010.   0.000000E+00
     1011.   0.000000E+00
     1012.   0.000000E+00
     1013.   0.000000E+00
     1014.   0.000000E+00
     1015.   0.000000E+00
     1016.   0.000000E+00
     1017.   0.000000E+00
     1018.   0.000000E+00
     1019.   0.000000E+00
     1020.   0.000000E+00
     1021.   0.000000E+00
     1022.   0.000000E+00
     1023.   0.000000E+00
     1024.   0.000000E+00
     1025.   0.000000E+00
     1026.   0.000000E+00
     1027.   0.000000E+00
     1028.   0.000000E+00
     1029.   0.000000E+00
     1030.   0.000000E+00
     1031.   0.000000E+00
     1032.   0.000000E+00
     1033.   0.000000E+00
     1034.   0.000000E+00
     1035.   0.000000E+00
     1036.   0.000000E+00
     1037.   0.000000E+00
     1038.   0.000000E+00
     1039.   0.000000E+00
     1040.   0.000000E+00
     1041.   0.000000E+00
     1042.   0.000000E+00
     1043.   0.000000E+00
     1044.   0.000000E+00
     1045.   0.000000E+00
     1046.   0.000000E+00
     1047.   0.000000E+00
     1048.   0.000000E+00
     1049.   0.000000E+00
     1050.   0.000000E+00
     1051.   0.000000E+00
     1052.   0.000000E+00
     1053.   0.000000E+00
     1054.   0.000000E+00
     1055.   0.000000E+00
     1056.   0.000000E+00
     1057.   0.000000E+00
     1058.   0.000000E+00
     1059.   0.000000E+00
     1060.   0.000000E+00
     1061.   0.000000E+00
     1062.   0.000000E+00
     1063.   0.000000E+00
     1064.   0.000000E+00
     1065.   0.000000E+00
     1066.   0.000000E+00
     1067.   0.000000E+00
     1068.   0.000000E+00
     1069.   0.000000E+00
     1070.   0.000000E+00
     1071.   0.000000E+00
     1072.   0.000000E+00
     1073.   0.000000E+00
     1074.   0.000000E+00
     1075.   0.000000E+00
     1076.   0.000000E+00
     1077.   0.000000E+00
     1078.   0.000000E+00
     1079.   0.000000E+00
     1080.   0.000000E+00
     1081.   0.000000E+00
     1082.   0.000000E+00
     1083.   0.000000E+00
     1084.   0.000000E+00
     1085.   0.000000E+00
     1086.   0.000000E+00
     1087.   0.000000E+00
     1088.   0.000000E+00
     1089.   0.000000E+00
     1090.   0.000000E+00
     1091.   0.000000E+00
     1092.   0.000000E+00
     1093.   0.000000E+00
     1094.   0.000000E+00
     1095.   0.000000E+00
     1096.   0.000000E+00
     1097.   0.000000E+00
     1098.   0.000000E+00
     1099.   0.000000E+00
     1100.   0.000000E+00
     1101.   0.000000E+00
     1102.   0.000000E+00
     1103.   0.000000E+00
     1104.   0.000000E+00
     1105.   0.000000E+00
     1106.   0.000000E+00
     1107.   0.000000E+00
     1108.   0.000000E+00
     1109.   0.000000E+00
     1110.   0.000000E+00
     1111.   0.000000E+00
     1112.   0.000000E+00
     1113.   0.000000E+00
     1114.   0.000000E+00
     1115.   0.000000E+00
     1116.   0.000000E+00
     1117.   0.000000E+00
     1118.   0.000000E+00
     1119.   0.000000E+00
     1120.   0.000000E+00
     1121.   0.000000E+00
     1122.   0.000000E+00
     1123.   0.000000E+00
     1124.   0.000000E+00
     1125.   0.000000E+00
     1126.   0.000000E+00
     1127.   0.000000E+00
     1128.   0.000000E+00
     1129.   0.000000E+00
     1130.   0.000000E+00
     1131.   0.000000E+00
     1132.   0.000000E+00
     1133.   0.000000E+00
     1134.   0.000000E+00
     1135.   0.000000E+00
     1136.   0.000000E+00
     1137.   0.000000E+00
     1138.   0.000000E+00
     1139.   0.000000E+00
     1140.   0.000000E+00
     1141.   0.000000E+00
     1142.   0.000000E+00
     1143.   0.000000E+00
     1144.   0.000000E+00
     1145.   0.000000E+00
     1146.   0.000000E+00
     1147.   0.000000E+00
     1148.   0.000000E+00
     1149.   0.000000E+00
     1150.   0.000000E+00
     1151.   0.000000E+00
     1152.   0.000000E+00
     1153.   0.000000E+00
     1154.   0.000000E+00
     1155.   0.000000E+00
     1156.   0.000000E+00
     1157.   0.000000E+00
     1158.   0.000000E+00
     1159.   0.000000E+00
     1160.   0.000000E+00
     1161.   0.000000E+00
     1162.   0.000000E+00
     1163.   0.000000E+00
     1164.   0.000000E+00
     1165.   0.000000E+00
     1166.   0.000000E+00
     1167.   0.000000E+00
     1168.   0.000000E+00
     1169.   0.000000E+00
     1170.   0.000000E+00
     1171.   0.000000E+00
     1172.   0.000000E+00
     1173.   0.000000E+00
     1174.   0.000000E+00
     1175.   0.000000E+00
     1176.   0.000000E+00
     1177.   0.000000E+00
     1178.   0.000000E+00
     1179.   0.000000E+00
     1180.   0.000000E+00
     1181.   0.000000E+00
     1182.   0.000000E+00
     1183.   0.000000E+00
     1184.   0.000000E+00
     1185.   0.000000E+00
     1186.   0.000000E+00
     1187.   0.000000E+00
     1188.   0.000000E+00
     1189.   0.000000E+00
     1190.   0.000000E+00
     1191.   0.000000E+00
     1192.   0.000000E+00
     1193.   0.000000E+00
     1194.   0.000000E+00
     1195.   0.000000E+00
     1196.   0.000000E+00
     1197.   0.000000E+00
     1198.   0.000000E+00
     1199.   0.000000E+00
     1200.   0.000000E+00
     1201.   0.000000E+00
     1202.   0.000000E+00
     1203.   0.000000E+00
     1204.   0.000000E+00
     1205.   0.000000E+00
     1206.   0.000000E+00
     1207.   0.000000E+00
     1208.   0.000000E+00
     1209.   0.000000E+00
     1210.   0.000000E+00
     1211.   0.000000E+00
     1212.   0.000000E+00
     1213.   0.000000E+00
     1214.   0.000000E+00
     1215.   0.000000E+00
     1216.   0.000000E+00
     1217.   0.000000E+00
     1218.   0.000000E+00
     1219.   0.000000E+00
     1220.   0.000000E+00
     1221.   0.000000E+00
     1222.   0.000000E+00
     1223.   0.000000E+00
     1224.   0.000000E+00
     1225.   0.000000E+00
     1226.   0.000000E+00
     1227.   0.000000E+00
     1228.   0.000000E+00
     1229.   0.000000E+00
     1230.   0.000000E+00
     1231.   0.000000E+00
     1232.   0.000000E+00
     1233.   0.000000E+00
     1234.   0.000000E+00
     1235.   0.000000E+00
     1236.   0.000000E+00
     1237.   0.000000E+00
     1238.   0.000000E+00
     1239.   0.000000E+00
     1240.   0.000000E+00
     1241.   0.000000E+00
     1242.   0.000000E+00
     1243.   0.000000E+00
     1244.   0.000000E+00
     1245.   0.000000E+00
     1246.   0.000000E+00
     1247.   0.000000E+00
     1248.   0.000000E+00
     1249.   0.000000E+00
     1250.   0.000000E+00
     1251.   0.000000E+00
     1252.   0.000000E+00
     1253.   0.000000E+00
     1254.   0.000000E+00
     1255.   0.000000E+00
     1256.   0.000000E+00
     1257.   0.000000E+00
     1258.   0.000000E+00
     1259.   0.000000E+00
     1260.   0.000000E+00
     1261.   0.000000E+00
     1262.   0.000000E+00
     1263.   0.000000E+00
     1264.   0.000000E+00
     1265.   0.000000E+00
     1266.   0.000000E+00
     1267.   0.000000E+00
     1268.   0.000000E+00
     1269.   0.000000E+00
     1270.   0.000000E+00
     1271.   0.000000E+00
     1272.   0.000000E+00
     1273.   0.000000E+00
     1274.   0.000000E+00
     1275.   0.000000E+00
     1276.   0.000000E+00
     1277.   0.000000E+00
     1278.   0.000000E+00
     1279.   0.000000E+00
     1280.   0.000000E+00
     1281.   0.000000E+00
     1282.   0.000000E+00
     1283.   0.000000E+00
     1284.   0.000000E+00
     1285.   0.000000E+00
     1286.   0.000000E+00
     1287.   0.000000E+00
     1288.   0.000000E+00
     1289.   0.000000E+00
     1290.   0.000000E+00
     1291.   0.000000E+00
     1292.   0.000000E+00
     1293.   0.000000E+00
     1294.   0.000000E+00
     1295.   0.000000E+00
     1296.   0.000000E+00
     1297.   0.000000E+00
     1298.   0.000000E+00
     1299.   0.000000E+00
     1300.   0.000000E+00
     1301.   0.000000E+00
     1302.   0.000000E+00
     1303.   0.000000E+00
     1304.   0.000000E+00
     1305.   0.000000E+00
     1306.   0.000000E+00
     1307.   0.000000E+00
     1308.   0.000000E+00
     1309.   0.000000E+00
     1310.   0.000000E+00
     1311.   0.000000E+00
     1312.   0.000000E+00
     1313.   0.000000E+00
     1314.   0.000000E+00
     1315.   0.000000E+00
     1316.   0.000000E+00
     1317.   0.000000E+00
     1318.   0.000000E+00
     1319.   0.000000E+00
     1320.   0.000000E+00
     1321.   0.000000E+00
     1322.   0.000000E+00
     1323.   0.000000E+00
     1324.   0.000000E+00
     1325.   0.000000E+00
     1326.   0.000000E+00
     1327.   0.000000E+00
     1328.   0.000000E+00
     1329.   0.000000E+00
     1330.   0.000000E+00
     1331.   0.000000E+00
     1332.   0.000000E+00
     1333.   0.000000E+00
     1334.   0.000000E+00
     1335.   0.000000E+00
     1336.   0.000000E+00
     1337.   0.000000E+00
     1338.   0.000000E+00
     1339.   0.000000E+00
     1340.   0.000000E+00
     1341.   0.000000E+00
     1342.   0.000000E+00
     1343.   0.000000E+00
     1344.   0.000000E+00
     1345.   0.000000E+00
     1346.   0.000000E+00
     1347.   0.000000E+00
     1348.   0.000000E+00
     1349.   0.000000E+00
     1350.   0.000000E+00
     1351.   0.000000E+00
     1352.   0.000000E+00
     1353.   0.000000E+00
     1354.   0.000000E+00
     1355.   0.000000E+00
     1356.   0.000000E+00
     1357.   0.000000E+00
     1358.   0.000000E+00
     1359.   0.000000E+00
     1360.   0.000000E+00
     1361.   0.000000E+00
     1362.   0.000000E+00
     1363.   0.000000E+00
     1364.   0.000000E+00
     1365.   0.000000E+00
     1366.   0.000000E+00
     1367.   0.000000E+00
     1368.   0.000000E+00
     1369.   0.000000E+00
     1370.   0.000000E+00
     1371.   0.000000E+00
     1372.   0.000000E+00
     1373.   0.000000E+00
     1374.   0.000000E+00
     1375.   0.000000E+00
     1376.   0.000000E+00
     1377.   0.000000E+00
     1378.   0.000000E+00
     1379.   0.000000E+00
     1380.   0.000000E+00
     1381.   0.000000E+00
     1382.   0.000000E+00
     1383.   0.000000E+00
     1384.   0.000000E+00
     1385.   0.000000E+00
     1386.   0.000000E+00
     1387.   0.000000E+00
     1388.   0.000000E+00
     1389.   0.000000E+00
     1390.   0.000000E+00
     1391.   0.000000E+00
     1392.   0.000000E+00
     1393.   0.000000E+00
     1394.   0.000000E+00
     1395.   0.000000E+00
     1396.   0.000000E+00
     1397.   0.000000E+00
     1398.   0.000000E+00
     1399.   0.000000E+00
     1400.   0.000000E+00
     1401.   0.000000E+00
     1402.   0.000000E+00
     1403.   0.000000E+00
     1404.   0.000000E+00
     1405.   0.000000E+00
     1406.   0.000000E+00
     1407.   0.000000E+00
     1408.   0.000000E+00
     1409.   0.000000E+00
     1410.   0.000000E+00
     1411.   0.000000E+00
     1412.   0.000000E+00
     1413.   0.000000E+00
