/*--------------------------------*- C++ -*----------------------------------*\
| =========                 |                                                 |
| \\      /  F ield         | OpenFOAM: The Open Source CFD Toolbox           |
|  \\    /   O peration     | Version:  2.4.0                                 |
|   \\  /    A nd           | Web:      www.OpenFOAM.org                      |
|    \\/     M anipulation  |                                                 |
\*---------------------------------------------------------------------------*/
FoamFile
{
    version     2.0;
    format      ascii;
    class       labelList;
    location    "constant/polyMesh";
    object      pointProcAddressing;
}
// * * * * * * * * * * * * * * * * * * * * * * * * * * * * * * * * * * * * * //


1793
(
273
274
275
276
277
278
279
280
281
282
283
284
285
286
287
288
289
290
291
292
293
294
295
296
297
298
299
300
301
302
303
304
305
306
307
308
309
310
311
312
313
314
315
316
317
318
319
320
321
322
323
324
325
326
327
328
329
330
331
332
333
334
335
336
337
338
339
340
341
342
343
344
345
346
347
348
349
350
351
352
353
354
355
356
357
358
359
360
361
362
363
364
365
366
367
368
369
370
371
372
373
374
375
376
377
378
379
380
381
382
383
384
385
386
387
388
389
390
391
392
393
394
395
396
397
398
399
400
401
402
403
404
405
406
407
408
409
410
411
412
413
414
415
416
417
418
419
420
421
422
423
424
425
426
427
428
429
430
431
432
433
434
435
436
437
438
439
440
441
442
443
446
448
449
451
453
454
456
458
459
461
463
476
477
478
479
480
1284
1285
1286
1292
1293
1294
1297
1298
1299
1302
1303
1304
1307
1308
1309
1312
1313
1314
1317
1318
1319
1322
1323
1324
1327
1328
1329
1330
1331
1333
1335
1336
1337
1340
1341
1342
1343
1345
1347
1350
1351
1352
1353
1354
1355
1356
1357
1358
1359
1360
1361
1362
1363
1364
1365
1366
1367
1368
1369
1370
1371
1372
1373
1374
1375
1376
1377
1378
1379
1380
1381
1382
1383
1384
1385
1386
1387
1388
1389
1390
1391
1392
1393
1394
1395
1396
1397
1398
1399
1400
1401
1402
1403
1404
1405
1406
1407
1408
1409
1410
1411
1412
1413
1414
1415
1416
1417
1418
1419
1420
1421
1422
1423
1424
1425
1426
1427
1428
1429
1430
1431
1432
1433
1434
1435
1436
1437
1438
1439
1440
1441
1442
1443
1444
1445
1446
1447
1448
1449
1450
1451
1452
1453
1454
1455
1456
1457
1458
1459
1460
1461
1462
1463
1464
1465
1466
1467
1468
1469
1470
1471
1472
1473
1474
1475
1476
1477
1478
1479
1480
1481
1482
1483
1484
1485
1486
1487
1488
1489
1490
1491
1492
1493
1494
1495
1496
1497
1498
1499
1500
1501
1502
1503
1504
1505
1506
1507
1508
1509
1510
1511
1512
1513
1514
1515
1516
1517
1518
1519
1520
1521
1522
1523
1524
1525
1526
1527
1528
1529
1530
1531
1532
1533
1534
1535
1536
1537
1538
1539
1540
1541
1542
1543
1544
1545
1546
1547
1548
1549
1550
1551
1552
1553
1554
1555
1556
1557
1558
1559
1560
1561
1562
1563
1564
1565
1566
1567
1568
1569
1570
1571
1572
1573
1574
1575
1579
1580
1581
1582
1586
1589
1594
1596
1602
1603
1607
1608
1613
1615
1619
1622
1626
1627
1633
1634
1638
1642
1643
1645
1647
1648
1649
1652
1653
1656
1657
1658
1661
1662
1664
1666
1667
1669
1671
1672
1673
1674
1675
1676
1677
1678
1679
1696
1697
1698
1699
1700
1701
1702
1703
1704
1705
1980
1992
1998
2004
2007
2009
2013
2014
2017
2019
2021
2022
2024
2026
2027
2029
2031
2032
2035
2036
2038
2040
2042
2043
2045
2046
2048
2049
2051
2052
2054
2055
2056
2058
2059
2060
2062
2063
2064
2065
2066
2067
2068
2069
2070
2071
2072
2073
2074
2075
2076
2077
2078
2079
2080
2081
2082
2083
2084
2085
2086
2087
2088
2089
2090
2091
2092
2093
2094
2095
2096
2097
2098
2099
2100
2101
2102
2103
2104
2105
2106
2107
2108
2109
2110
2111
2112
2113
2114
2115
2116
2117
2118
2119
2120
2121
2122
2123
2124
2125
2126
2127
2128
2130
2131
2132
2133
2135
2136
2140
2141
2142
2144
2145
2147
2149
2150
2153
2154
2157
2158
2161
2162
2163
2166
2167
2170
2171
2172
2174
2175
2178
2179
2183
2186
2444
2445
2446
2447
2448
2449
2450
2451
2452
2453
2456
2457
2458
2459
2462
2463
2464
2465
2466
2467
2472
2473
2474
2475
2479
2480
2481
2482
2486
2487
2488
2489
2490
2491
2495
2496
2497
2498
2499
2500
2503
2504
2505
2506
2509
2510
2511
2512
2513
2514
2515
2516
2517
2518
2519
2520
2521
2522
2523
2524
2525
2526
2527
2528
2529
2530
2531
2532
2533
2534
2535
2536
2541
2542
2543
2544
2545
2546
2547
2548
2549
2550
2551
2552
2553
2554
2555
2556
2559
2560
2561
2562
2563
2564
2565
2566
2569
2570
2571
2572
2573
2574
2575
2576
2577
2578
2581
2582
2583
2584
2585
2586
2587
2588
2589
2590
2591
2592
2595
2596
2597
2599
2600
2601
2602
2603
2604
2605
2606
2607
2608
2609
2610
2611
2612
2613
2615
2617
2618
2619
2620
2622
2623
2625
2626
2628
2629
2630
2631
2632
2634
2635
2636
2637
2639
2640
2641
2642
2643
2645
2646
2647
2648
2649
2650
2652
2653
2654
2660
2661
2662
2663
2664
2666
2672
2673
2674
2679
2680
2681
2682
2687
2688
2689
2694
2695
2696
2697
2698
2699
2700
2701
2702
2703
2704
2705
2706
2707
2708
2709
2710
2711
2712
2713
2714
2715
2716
2717
2718
2719
2720
2721
2722
2723
2724
2725
2726
2727
2728
2729
2730
2731
2733
2734
2735
2736
2737
2738
2739
2740
2741
2743
2744
2745
2746
2748
2749
2750
2751
2752
2753
2755
2756
2757
2759
2760
2761
2762
2763
2764
2766
2767
2768
2769
2770
2773
2774
2775
2776
2777
2778
2780
2781
2782
2783
2784
2785
2787
2788
2789
2790
2792
2793
2794
2795
2796
2798
2799
2800
2802
2803
2804
2805
2806
2807
2808
2809
2810
2811
2812
2813
2814
2815
2816
2817
2818
2819
2820
2821
2822
2823
2824
2825
2826
2828
2829
2830
2831
2832
2834
2835
2836
2838
2840
2841
2842
2844
2846
2847
2848
2849
2852
2853
2854
2856
2857
2858
2860
2861
2862
2864
2865
2866
2867
2868
2870
2871
2872
2873
2875
2876
2877
2878
2879
2880
2881
2882
2883
2884
2885
2886
2887
2888
2889
2890
2891
2892
2893
2894
2896
2897
2898
2899
2900
2902
2904
2905
2906
2912
2916
2917
2918
2922
2923
2926
2927
2930
2933
2934
2936
2937
2938
2940
2941
2942
2943
2944
2946
2947
2948
2950
2951
2952
2953
2957
2958
2959
2960
2961
2962
2963
2964
2965
2966
2967
2968
2969
2970
2977
2978
2981
2984
2985
2989
2990
2991
3001
3002
3009
3010
3016
3017
3019
3020
3025
3026
3033
3034
3038
3039
3042
3043
3047
3048
3054
3055
3056
3057
3065
3066
3072
3073
3083
3084
3091
3092
3095
3096
3101
3102
3107
3108
3111
3112
3114
3115
3122
3129
3130
3136
3142
3143
3144
3152
3153
3155
3158
3159
3163
3166
3167
3172
3173
3174
3177
3178
3185
3186
3187
3191
3192
3197
3198
3202
3205
3206
3212
3215
3216
3222
3224
3225
3231
3232
3233
3234
3235
3241
3242
3245
3247
3248
3249
3250
3254
3255
3256
3257
3258
3261
3262
3263
3267
3268
3271
3272
3273
3274
3275
3278
3279
3282
3283
3284
3287
3288
3289
3290
3291
3294
3295
3299
3300
3303
3304
3308
3309
3315
3316
3319
3320
3321
3322
3328
3329
3330
3331
3335
3336
3339
3340
3344
3345
3348
3349
3353
3354
3355
3356
3357
3359
3362
3363
3365
3368
3369
3373
3374
3375
3376
3377
3381
3382
3389
3390
3391
3392
3393
3397
3399
3400
3402
3403
3404
3405
3406
3407
3408
3409
3410
3411
3412
3413
3414
3415
3418
3419
3420
3423
3429
3430
3433
3436
3437
3438
3442
3443
3446
3449
3450
3453
3455
3456
3460
3461
3462
3466
3467
3469
3470
3474
3475
3476
3485
3486
3487
3488
3489
3496
3497
3503
3504
3507
3512
3514
3515
3520
3521
3522
3529
3530
3538
3539
3540
3545
3546
3547
3553
3554
3557
3562
3563
3564
3570
3576
3577
3578
3582
3583
3588
3591
3592
3596
3597
3598
3603
3604
3605
3606
3607
3613
3614
3619
3623
3624
3627
3628
3630
3634
3635
3638
3639
3640
3647
3648
3649
3656
3657
3659
3664
3665
3667
3671
3672
3676
3678
3679
3688
3689
3696
3697
3698
3700
3706
3716
3724
3725
3726
3732
3733
3734
3739
3740
3741
3746
3747
3748
3753
3754
3755
3759
3760
3761
3762
3763
3764
3765
3769
3770
3771
3774
3775
3776
3779
3780
3783
3789
3792
3793
3794
3797
3804
3807
3811
3822
3823
3830
3838
3846
3856
3864
3875
3887
3899
3904
3909
3914
3918
3921
3926
3935
3943
3951
3965
3968
3972
3985
3992
3994
3998
4006
4010
4019
4028
4036
4042
4048
4055
4059
4065
4068
4073
4080
4083
4089
4098
4099
4100
4101
4105
4112
4116
4121
4127
4131
4134
4135
4140
4143
4147
4155
4161
4168
4172
4175
4176
4177
4221
4238
4245
4252
4258
4263
4266
4273
4279
4287
4295
4303
4307
4313
4363
4407
4478
4530
4591
4639
4700
4747
4793
4851
5751
5761
5765
5770
5772
5775
5777
5778
5783
5787
5792
5797
5845
5852
5855
5856
5857
5860
5861
5862
5863
5864
5865
5868
5869
5870
5872
5875
5879
5881
5882
5884
5887
5890
5897
5898
5902
5905
5908
5927
5929
5932
5934
5936
5942
5944
5946
5947
5949
5954
5957
5959
5963
5966
5973
5976
5977
5980
5983
5992
5994
5996
5999
6000
6008
6025
6027
6030
6032
6049
6052
6054
6057
6060
6067
6070
6073
6076
6080
6089
6093
6096
6100
6105
6115
6120
6122
6125
6128
6140
6143
6145
6147
6150
6156
6159
6161
6163
6165
6172
6175
6178
6180
6185
6194
6472
6473
6474
6475
6476
6477
6478
6479
6480
6481
6482
6483
6486
6487
6489
6490
6491
6492
6494
6495
6497
6498
6500
6501
6503
6504
6505
6506
6507
6508
6509
6510
6511
6512
6514
6515
6518
6519
6522
6523
6524
6525
6526
6527
6528
6529
6531
6532
6534
6535
6536
6537
6539
6540
6541
6542
6544
6545
6547
6548
6549
6550
6551
6552
6553
6554
6555
6556
6558
6559
6560
6561
6562
6563
6564
6565
6566
6567
6569
6570
6571
6572
6573
6574
6576
6577
6579
6580
6582
6583
6584
6585
6586
6587
6588
6589
6590
6591
6592
6593
6594
6595
6596
6597
6599
6600
6601
6602
6604
6605
6607
6608
6609
6610
6611
6612
6614
6615
6616
6617
6619
6620
6621
6622
6623
6624
6625
6626
6627
6628
6630
6631
6632
6633
6635
6636
6638
6639
6641
6642
6644
6645
6646
6647
6648
6650
6651
6652
6653
6654
6655
6656
6657
6658
6659
6661
6662
6663
6664
6665
6666
6667
6668
6669
6670
6671
6672
6673
6674
6675
6676
6677
6678
6679
6680
6681
6682
6683
6684
6685
6686
6687
6688
6689
6690
6691
6692
6693
6694
6695
6696
6697
6698
6699
6700
6701
6702
6703
6704
6705
6706
6707
6708
6709
6710
6711
6712
6713
6714
6715
6716
6717
6718
)


// ************************************************************************* //
