    21873.   0.000000E+00
    21874.   0.000000E+00
    21875.   0.000000E+00
    21876.   0.000000E+00
    21877.   0.000000E+00
    21878.   0.000000E+00
    21879.   0.000000E+00
    21880.   0.000000E+00
    21881.   0.000000E+00
    21882.   0.000000E+00
    21883.   0.000000E+00
    21884.   0.000000E+00
    21967.   0.000000E+00
    21969.   0.000000E+00
    21970.   0.000000E+00
    21971.   0.000000E+00
    21972.   0.000000E+00
    21973.   0.000000E+00
    21974.   0.000000E+00
    21975.   0.000000E+00
    21976.   0.000000E+00
    21977.   0.000000E+00
    21978.   0.000000E+00
    21979.   0.000000E+00
    21980.   0.000000E+00
    21981.   0.000000E+00
    21982.   0.000000E+00
    26251.   0.000000E+00
    26252.   0.000000E+00
    26253.   0.000000E+00
    26254.   0.000000E+00
    26255.   0.000000E+00
    26256.   0.000000E+00
    26257.   0.000000E+00
    26440.   0.000000E+00
    26441.   0.000000E+00
    26442.   0.000000E+00
    26443.   0.000000E+00
    26444.   0.000000E+00
    26445.   0.000000E+00
    26446.   0.000000E+00
    26447.   0.000000E+00
    26448.   0.000000E+00
    26449.   0.000000E+00
    26450.   0.000000E+00
    26451.   0.000000E+00
    26452.   0.000000E+00
    26453.   0.000000E+00
    26454.   0.000000E+00
    26455.   0.000000E+00
    26456.   0.000000E+00
    26457.   0.000000E+00
    26458.   0.000000E+00
    26459.   0.000000E+00
    26460.   0.000000E+00
    26461.   0.000000E+00
    26462.   0.000000E+00
    26463.   0.000000E+00
    26464.   0.000000E+00
    26465.   0.000000E+00
    26466.   0.000000E+00
    26467.   0.000000E+00
    26468.   0.000000E+00
    26469.   0.000000E+00
    26470.   0.000000E+00
    26471.   0.000000E+00
    26472.   0.000000E+00
    26473.   0.000000E+00
    26474.   0.000000E+00
    26475.   0.000000E+00
    26476.   0.000000E+00
    26477.   0.000000E+00
    26478.   0.000000E+00
    26479.   0.000000E+00
    26480.   0.000000E+00
    26481.   0.000000E+00
    26482.   0.000000E+00
    26483.   0.000000E+00
    26484.   0.000000E+00
    26485.   0.000000E+00
    26486.   0.000000E+00
    26487.   0.000000E+00
    26488.   0.000000E+00
    26489.   0.000000E+00
    26490.   0.000000E+00
    26491.   0.000000E+00
    26492.   0.000000E+00
    26493.   0.000000E+00
    26494.   0.000000E+00
    26495.   0.000000E+00
    26496.   0.000000E+00
    26497.   0.000000E+00
    26498.   0.000000E+00
    26499.   0.000000E+00
    26500.   0.000000E+00
    26501.   0.000000E+00
    26502.   0.000000E+00
    26503.   0.000000E+00
    26504.   0.000000E+00
    26505.   0.000000E+00
    26506.   0.000000E+00
    26507.   0.000000E+00
    26508.   0.000000E+00
    26509.   0.000000E+00
    26510.   0.000000E+00
    26511.   0.000000E+00
    26512.   0.000000E+00
    26513.   0.000000E+00
    26514.   0.000000E+00
    26515.   0.000000E+00
    26516.   0.000000E+00
    26517.   0.000000E+00
    26518.   0.000000E+00
    26519.   0.000000E+00
    26520.   0.000000E+00
    26521.   0.000000E+00
    26522.   0.000000E+00
    26523.   0.000000E+00
    26524.   0.000000E+00
    26525.   0.000000E+00
    26526.   0.000000E+00
    26527.   0.000000E+00
    26528.   0.000000E+00
    26529.   0.000000E+00
    26530.   0.000000E+00
    26531.   0.000000E+00
    26532.   0.000000E+00
    26533.   0.000000E+00
    26534.   0.000000E+00
    26535.   0.000000E+00
    26536.   0.000000E+00
    26537.   0.000000E+00
    26538.   0.000000E+00
    26539.   0.000000E+00
    26540.   0.000000E+00
    26541.   0.000000E+00
    26542.   0.000000E+00
    26543.   0.000000E+00
    26544.   0.000000E+00
    26587.   0.000000E+00
    26588.   0.000000E+00
    26589.   0.000000E+00
    26590.   0.000000E+00
    26591.   0.000000E+00
    26592.   0.000000E+00
    26593.   0.000000E+00
    26594.   0.000000E+00
    26595.   0.000000E+00
    26596.   0.000000E+00
    26597.   0.000000E+00
    26598.   0.000000E+00
    26599.   0.000000E+00
    26600.   0.000000E+00
    26601.   0.000000E+00
    26602.   0.000000E+00
    26603.   0.000000E+00
    26604.   0.000000E+00
    26605.   0.000000E+00
    26606.   0.000000E+00
    26607.   0.000000E+00
    26608.   0.000000E+00
    26609.   0.000000E+00
    26610.   0.000000E+00
    26611.   0.000000E+00
    26612.   0.000000E+00
    26613.   0.000000E+00
    26614.   0.000000E+00
    26615.   0.000000E+00
    26616.   0.000000E+00
    26617.   0.000000E+00
    26618.   0.000000E+00
    26619.   0.000000E+00
    26620.   0.000000E+00
    26621.   0.000000E+00
    26622.   0.000000E+00
    26623.   0.000000E+00
    26624.   0.000000E+00
    26625.   0.000000E+00
    26626.   0.000000E+00
    26627.   0.000000E+00
    26628.   0.000000E+00
    26629.   0.000000E+00
    26630.   0.000000E+00
    26631.   0.000000E+00
    26632.   0.000000E+00
    26633.   0.000000E+00
    26634.   0.000000E+00
    26635.   0.000000E+00
    26636.   0.000000E+00
    26637.   0.000000E+00
    26638.   0.000000E+00
    26639.   0.000000E+00
    26640.   0.000000E+00
    26641.   0.000000E+00
    26642.   0.000000E+00
    26643.   0.000000E+00
    26644.   0.000000E+00
    26645.   0.000000E+00
    26646.   0.000000E+00
    26647.   0.000000E+00
    26648.   0.000000E+00
    26649.   0.000000E+00
    26650.   0.000000E+00
    26651.   0.000000E+00
    26652.   0.000000E+00
    26653.   0.000000E+00
    26654.   0.000000E+00
    26655.   0.000000E+00
    26656.   0.000000E+00
    26657.   0.000000E+00
    26658.   0.000000E+00
    26659.   0.000000E+00
    26660.   0.000000E+00
    26661.   0.000000E+00
    26662.   0.000000E+00
    26663.   0.000000E+00
