  0.0000000e+000  0.0000000e+000  0.0000000e+000
  3.0000000e+000  0.0000000e+000  0.0000000e+000
  6.0000000e+000  0.0000000e+000  0.0000000e+000
  9.0000000e+000  0.0000000e+000  0.0000000e+000
  1.2000000e+001  0.0000000e+000  0.0000000e+000
  1.5000000e+001  0.0000000e+000  0.0000000e+000
  1.8000000e+001  0.0000000e+000  0.0000000e+000
  2.1000000e+001  0.0000000e+000  0.0000000e+000
  2.4000000e+001  0.0000000e+000  0.0000000e+000
  2.7000000e+001  0.0000000e+000  0.0000000e+000
  3.0000000e+001  0.0000000e+000  0.0000000e+000
  0.0000000e+000  3.0000000e+000  0.0000000e+000
  3.0000000e+000  3.0000000e+000  0.0000000e+000
  6.0000000e+000  3.0000000e+000  0.0000000e+000
  9.0000000e+000  3.0000000e+000  0.0000000e+000
  1.2000000e+001  3.0000000e+000  0.0000000e+000
  1.5000000e+001  3.0000000e+000  0.0000000e+000
  1.8000000e+001  3.0000000e+000  0.0000000e+000
  2.1000000e+001  3.0000000e+000  0.0000000e+000
  2.4000000e+001  3.0000000e+000  0.0000000e+000
  2.7000000e+001  3.0000000e+000  0.0000000e+000
  3.0000000e+001  3.0000000e+000  0.0000000e+000
  0.0000000e+000  6.0000000e+000  0.0000000e+000
  3.0000000e+000  6.0000000e+000  0.0000000e+000
  6.0000000e+000  6.0000000e+000  0.0000000e+000
  9.0000000e+000  6.0000000e+000  0.0000000e+000
  1.2000000e+001  6.0000000e+000  0.0000000e+000
  1.5000000e+001  6.0000000e+000  0.0000000e+000
  1.8000000e+001  6.0000000e+000  0.0000000e+000
  2.1000000e+001  6.0000000e+000  0.0000000e+000
  2.4000000e+001  6.0000000e+000  0.0000000e+000
  2.7000000e+001  6.0000000e+000  0.0000000e+000
  3.0000000e+001  6.0000000e+000  0.0000000e+000
  0.0000000e+000  9.0000000e+000  0.0000000e+000
  3.0000000e+000  9.0000000e+000  0.0000000e+000
  6.0000000e+000  9.0000000e+000  0.0000000e+000
  9.0000000e+000  9.0000000e+000  0.0000000e+000
  1.2000000e+001  9.0000000e+000  0.0000000e+000
  1.5000000e+001  9.0000000e+000  0.0000000e+000
  1.8000000e+001  9.0000000e+000  0.0000000e+000
  2.1000000e+001  9.0000000e+000  0.0000000e+000
  2.4000000e+001  9.0000000e+000  0.0000000e+000
  2.7000000e+001  9.0000000e+000  0.0000000e+000
  3.0000000e+001  9.0000000e+000  0.0000000e+000
  0.0000000e+000  1.2000000e+001  0.0000000e+000
  3.0000000e+000  1.2000000e+001  0.0000000e+000
  6.0000000e+000  1.2000000e+001  0.0000000e+000
  9.0000000e+000  1.2000000e+001  0.0000000e+000
  1.2000000e+001  1.2000000e+001  0.0000000e+000
  1.5000000e+001  1.2000000e+001  0.0000000e+000
  1.8000000e+001  1.2000000e+001  0.0000000e+000
  2.1000000e+001  1.2000000e+001  0.0000000e+000
  2.4000000e+001  1.2000000e+001  0.0000000e+000
  2.7000000e+001  1.2000000e+001  0.0000000e+000
  3.0000000e+001  1.2000000e+001  0.0000000e+000
  0.0000000e+000  1.5000000e+001  0.0000000e+000
  3.0000000e+000  1.5000000e+001  0.0000000e+000
  6.0000000e+000  1.5000000e+001  0.0000000e+000
  9.0000000e+000  1.5000000e+001  0.0000000e+000
  1.2000000e+001  1.5000000e+001  0.0000000e+000
  1.5000000e+001  1.5000000e+001  0.0000000e+000
  1.8000000e+001  1.5000000e+001  0.0000000e+000
  2.1000000e+001  1.5000000e+001  0.0000000e+000
  2.4000000e+001  1.5000000e+001  0.0000000e+000
  2.7000000e+001  1.5000000e+001  0.0000000e+000
  3.0000000e+001  1.5000000e+001  0.0000000e+000
  0.0000000e+000  1.8000000e+001  0.0000000e+000
  3.0000000e+000  1.8000000e+001  0.0000000e+000
  6.0000000e+000  1.8000000e+001  0.0000000e+000
  9.0000000e+000  1.8000000e+001  0.0000000e+000
  1.2000000e+001  1.8000000e+001  0.0000000e+000
  1.5000000e+001  1.8000000e+001  0.0000000e+000
  1.8000000e+001  1.8000000e+001  0.0000000e+000
  2.1000000e+001  1.8000000e+001  0.0000000e+000
  2.4000000e+001  1.8000000e+001  0.0000000e+000
  2.7000000e+001  1.8000000e+001  0.0000000e+000
  3.0000000e+001  1.8000000e+001  0.0000000e+000
  0.0000000e+000  2.1000000e+001  0.0000000e+000
  3.0000000e+000  2.1000000e+001  0.0000000e+000
  6.0000000e+000  2.1000000e+001  0.0000000e+000
  9.0000000e+000  2.1000000e+001  0.0000000e+000
  1.2000000e+001  2.1000000e+001  0.0000000e+000
  1.5000000e+001  2.1000000e+001  0.0000000e+000
  1.8000000e+001  2.1000000e+001  0.0000000e+000
  2.1000000e+001  2.1000000e+001  0.0000000e+000
  2.4000000e+001  2.1000000e+001  0.0000000e+000
  2.7000000e+001  2.1000000e+001  0.0000000e+000
  3.0000000e+001  2.1000000e+001  0.0000000e+000
  0.0000000e+000  2.4000000e+001  0.0000000e+000
  3.0000000e+000  2.4000000e+001  0.0000000e+000
  6.0000000e+000  2.4000000e+001  0.0000000e+000
  9.0000000e+000  2.4000000e+001  0.0000000e+000
  1.2000000e+001  2.4000000e+001  0.0000000e+000
  1.5000000e+001  2.4000000e+001  0.0000000e+000
  1.8000000e+001  2.4000000e+001  0.0000000e+000
  2.1000000e+001  2.4000000e+001  0.0000000e+000
  2.4000000e+001  2.4000000e+001  0.0000000e+000
  2.7000000e+001  2.4000000e+001  0.0000000e+000
  3.0000000e+001  2.4000000e+001  0.0000000e+000
  0.0000000e+000  2.7000000e+001  0.0000000e+000
  3.0000000e+000  2.7000000e+001  0.0000000e+000
  6.0000000e+000  2.7000000e+001  0.0000000e+000
  9.0000000e+000  2.7000000e+001  0.0000000e+000
  1.2000000e+001  2.7000000e+001  0.0000000e+000
  1.5000000e+001  2.7000000e+001  0.0000000e+000
  1.8000000e+001  2.7000000e+001  0.0000000e+000
  2.1000000e+001  2.7000000e+001  0.0000000e+000
  2.4000000e+001  2.7000000e+001  0.0000000e+000
  2.7000000e+001  2.7000000e+001  0.0000000e+000
  3.0000000e+001  2.7000000e+001  0.0000000e+000
  0.0000000e+000  3.0000000e+001  0.0000000e+000
  3.0000000e+000  3.0000000e+001  0.0000000e+000
  6.0000000e+000  3.0000000e+001  0.0000000e+000
  9.0000000e+000  3.0000000e+001  0.0000000e+000
  1.2000000e+001  3.0000000e+001  0.0000000e+000
  1.5000000e+001  3.0000000e+001  0.0000000e+000
  1.8000000e+001  3.0000000e+001  0.0000000e+000
  2.1000000e+001  3.0000000e+001  0.0000000e+000
  2.4000000e+001  3.0000000e+001  0.0000000e+000
  2.7000000e+001  3.0000000e+001  0.0000000e+000
  3.0000000e+001  3.0000000e+001  0.0000000e+000
  0.0000000e+000  0.0000000e+000  3.0000000e+000
  3.0000000e+000  0.0000000e+000  3.0000000e+000
  6.0000000e+000  0.0000000e+000  3.0000000e+000
  9.0000000e+000  0.0000000e+000  3.0000000e+000
  1.2000000e+001  0.0000000e+000  3.0000000e+000
  1.5000000e+001  0.0000000e+000  3.0000000e+000
  1.8000000e+001  0.0000000e+000  3.0000000e+000
  2.1000000e+001  0.0000000e+000  3.0000000e+000
  2.4000000e+001  0.0000000e+000  3.0000000e+000
  2.7000000e+001  0.0000000e+000  3.0000000e+000
  3.0000000e+001  0.0000000e+000  3.0000000e+000
  0.0000000e+000  3.0000000e+000  3.0000000e+000
  3.0000000e+000  3.0000000e+000  3.0000000e+000
  6.0000000e+000  3.0000000e+000  3.0000000e+000
  9.0000000e+000  3.0000000e+000  3.0000000e+000
  1.2000000e+001  3.0000000e+000  3.0000000e+000
  1.5000000e+001  3.0000000e+000  3.0000000e+000
  1.8000000e+001  3.0000000e+000  3.0000000e+000
  2.1000000e+001  3.0000000e+000  3.0000000e+000
  2.4000000e+001  3.0000000e+000  3.0000000e+000
  2.7000000e+001  3.0000000e+000  3.0000000e+000
  3.0000000e+001  3.0000000e+000  3.0000000e+000
  0.0000000e+000  6.0000000e+000  3.0000000e+000
  3.0000000e+000  6.0000000e+000  3.0000000e+000
  6.0000000e+000  6.0000000e+000  3.0000000e+000
  9.0000000e+000  6.0000000e+000  3.0000000e+000
  1.2000000e+001  6.0000000e+000  3.0000000e+000
  1.5000000e+001  6.0000000e+000  3.0000000e+000
  1.8000000e+001  6.0000000e+000  3.0000000e+000
  2.1000000e+001  6.0000000e+000  3.0000000e+000
  2.4000000e+001  6.0000000e+000  3.0000000e+000
  2.7000000e+001  6.0000000e+000  3.0000000e+000
  3.0000000e+001  6.0000000e+000  3.0000000e+000
  0.0000000e+000  9.0000000e+000  3.0000000e+000
  3.0000000e+000  9.0000000e+000  3.0000000e+000
  6.0000000e+000  9.0000000e+000  3.0000000e+000
  9.0000000e+000  9.0000000e+000  3.0000000e+000
  1.2000000e+001  9.0000000e+000  3.0000000e+000
  1.5000000e+001  9.0000000e+000  3.0000000e+000
  1.8000000e+001  9.0000000e+000  3.0000000e+000
  2.1000000e+001  9.0000000e+000  3.0000000e+000
  2.4000000e+001  9.0000000e+000  3.0000000e+000
  2.7000000e+001  9.0000000e+000  3.0000000e+000
  3.0000000e+001  9.0000000e+000  3.0000000e+000
  0.0000000e+000  1.2000000e+001  3.0000000e+000
  3.0000000e+000  1.2000000e+001  3.0000000e+000
  6.0000000e+000  1.2000000e+001  3.0000000e+000
  9.0000000e+000  1.2000000e+001  3.0000000e+000
  1.2000000e+001  1.2000000e+001  3.0000000e+000
  1.5000000e+001  1.2000000e+001  3.0000000e+000
  1.8000000e+001  1.2000000e+001  3.0000000e+000
  2.1000000e+001  1.2000000e+001  3.0000000e+000
  2.4000000e+001  1.2000000e+001  3.0000000e+000
  2.7000000e+001  1.2000000e+001  3.0000000e+000
  3.0000000e+001  1.2000000e+001  3.0000000e+000
  0.0000000e+000  1.5000000e+001  3.0000000e+000
  3.0000000e+000  1.5000000e+001  3.0000000e+000
  6.0000000e+000  1.5000000e+001  3.0000000e+000
  9.0000000e+000  1.5000000e+001  3.0000000e+000
  1.2000000e+001  1.5000000e+001  3.0000000e+000
  1.5000000e+001  1.5000000e+001  3.0000000e+000
  1.8000000e+001  1.5000000e+001  3.0000000e+000
  2.1000000e+001  1.5000000e+001  3.0000000e+000
  2.4000000e+001  1.5000000e+001  3.0000000e+000
  2.7000000e+001  1.5000000e+001  3.0000000e+000
  3.0000000e+001  1.5000000e+001  3.0000000e+000
  0.0000000e+000  1.8000000e+001  3.0000000e+000
  3.0000000e+000  1.8000000e+001  3.0000000e+000
  6.0000000e+000  1.8000000e+001  3.0000000e+000
  9.0000000e+000  1.8000000e+001  3.0000000e+000
  1.2000000e+001  1.8000000e+001  3.0000000e+000
  1.5000000e+001  1.8000000e+001  3.0000000e+000
  1.8000000e+001  1.8000000e+001  3.0000000e+000
  2.1000000e+001  1.8000000e+001  3.0000000e+000
  2.4000000e+001  1.8000000e+001  3.0000000e+000
  2.7000000e+001  1.8000000e+001  3.0000000e+000
  3.0000000e+001  1.8000000e+001  3.0000000e+000
  0.0000000e+000  2.1000000e+001  3.0000000e+000
  3.0000000e+000  2.1000000e+001  3.0000000e+000
  6.0000000e+000  2.1000000e+001  3.0000000e+000
  9.0000000e+000  2.1000000e+001  3.0000000e+000
  1.2000000e+001  2.1000000e+001  3.0000000e+000
  1.5000000e+001  2.1000000e+001  3.0000000e+000
  1.8000000e+001  2.1000000e+001  3.0000000e+000
  2.1000000e+001  2.1000000e+001  3.0000000e+000
  2.4000000e+001  2.1000000e+001  3.0000000e+000
  2.7000000e+001  2.1000000e+001  3.0000000e+000
  3.0000000e+001  2.1000000e+001  3.0000000e+000
  0.0000000e+000  2.4000000e+001  3.0000000e+000
  3.0000000e+000  2.4000000e+001  3.0000000e+000
  6.0000000e+000  2.4000000e+001  3.0000000e+000
  9.0000000e+000  2.4000000e+001  3.0000000e+000
  1.2000000e+001  2.4000000e+001  3.0000000e+000
  1.5000000e+001  2.4000000e+001  3.0000000e+000
  1.8000000e+001  2.4000000e+001  3.0000000e+000
  2.1000000e+001  2.4000000e+001  3.0000000e+000
  2.4000000e+001  2.4000000e+001  3.0000000e+000
  2.7000000e+001  2.4000000e+001  3.0000000e+000
  3.0000000e+001  2.4000000e+001  3.0000000e+000
  0.0000000e+000  2.7000000e+001  3.0000000e+000
  3.0000000e+000  2.7000000e+001  3.0000000e+000
  6.0000000e+000  2.7000000e+001  3.0000000e+000
  9.0000000e+000  2.7000000e+001  3.0000000e+000
  1.2000000e+001  2.7000000e+001  3.0000000e+000
  1.5000000e+001  2.7000000e+001  3.0000000e+000
  1.8000000e+001  2.7000000e+001  3.0000000e+000
  2.1000000e+001  2.7000000e+001  3.0000000e+000
  2.4000000e+001  2.7000000e+001  3.0000000e+000
  2.7000000e+001  2.7000000e+001  3.0000000e+000
  3.0000000e+001  2.7000000e+001  3.0000000e+000
  0.0000000e+000  3.0000000e+001  3.0000000e+000
  3.0000000e+000  3.0000000e+001  3.0000000e+000
  6.0000000e+000  3.0000000e+001  3.0000000e+000
  9.0000000e+000  3.0000000e+001  3.0000000e+000
  1.2000000e+001  3.0000000e+001  3.0000000e+000
  1.5000000e+001  3.0000000e+001  3.0000000e+000
  1.8000000e+001  3.0000000e+001  3.0000000e+000
  2.1000000e+001  3.0000000e+001  3.0000000e+000
  2.4000000e+001  3.0000000e+001  3.0000000e+000
  2.7000000e+001  3.0000000e+001  3.0000000e+000
  3.0000000e+001  3.0000000e+001  3.0000000e+000
  0.0000000e+000  0.0000000e+000  6.0000000e+000
  3.0000000e+000  0.0000000e+000  6.0000000e+000
  6.0000000e+000  0.0000000e+000  6.0000000e+000
  9.0000000e+000  0.0000000e+000  6.0000000e+000
  1.2000000e+001  0.0000000e+000  6.0000000e+000
  1.5000000e+001  0.0000000e+000  6.0000000e+000
  1.8000000e+001  0.0000000e+000  6.0000000e+000
  2.1000000e+001  0.0000000e+000  6.0000000e+000
  2.4000000e+001  0.0000000e+000  6.0000000e+000
  2.7000000e+001  0.0000000e+000  6.0000000e+000
  3.0000000e+001  0.0000000e+000  6.0000000e+000
  0.0000000e+000  3.0000000e+000  6.0000000e+000
  3.0000000e+000  3.0000000e+000  6.0000000e+000
  6.0000000e+000  3.0000000e+000  6.0000000e+000
  9.0000000e+000  3.0000000e+000  6.0000000e+000
  1.2000000e+001  3.0000000e+000  6.0000000e+000
  1.5000000e+001  3.0000000e+000  6.0000000e+000
  1.8000000e+001  3.0000000e+000  6.0000000e+000
  2.1000000e+001  3.0000000e+000  6.0000000e+000
  2.4000000e+001  3.0000000e+000  6.0000000e+000
  2.7000000e+001  3.0000000e+000  6.0000000e+000
  3.0000000e+001  3.0000000e+000  6.0000000e+000
  0.0000000e+000  6.0000000e+000  6.0000000e+000
  3.0000000e+000  6.0000000e+000  6.0000000e+000
  6.0000000e+000  6.0000000e+000  6.0000000e+000
  9.0000000e+000  6.0000000e+000  6.0000000e+000
  1.2000000e+001  6.0000000e+000  6.0000000e+000
  1.5000000e+001  6.0000000e+000  6.0000000e+000
  1.8000000e+001  6.0000000e+000  6.0000000e+000
  2.1000000e+001  6.0000000e+000  6.0000000e+000
  2.4000000e+001  6.0000000e+000  6.0000000e+000
  2.7000000e+001  6.0000000e+000  6.0000000e+000
  3.0000000e+001  6.0000000e+000  6.0000000e+000
  0.0000000e+000  9.0000000e+000  6.0000000e+000
  3.0000000e+000  9.0000000e+000  6.0000000e+000
  6.0000000e+000  9.0000000e+000  6.0000000e+000
  9.0000000e+000  9.0000000e+000  6.0000000e+000
  1.2000000e+001  9.0000000e+000  6.0000000e+000
  1.5000000e+001  9.0000000e+000  6.0000000e+000
  1.8000000e+001  9.0000000e+000  6.0000000e+000
  2.1000000e+001  9.0000000e+000  6.0000000e+000
  2.4000000e+001  9.0000000e+000  6.0000000e+000
  2.7000000e+001  9.0000000e+000  6.0000000e+000
  3.0000000e+001  9.0000000e+000  6.0000000e+000
  0.0000000e+000  1.2000000e+001  6.0000000e+000
  3.0000000e+000  1.2000000e+001  6.0000000e+000
  6.0000000e+000  1.2000000e+001  6.0000000e+000
  9.0000000e+000  1.2000000e+001  6.0000000e+000
  1.2000000e+001  1.2000000e+001  6.0000000e+000
  1.5000000e+001  1.2000000e+001  6.0000000e+000
  1.8000000e+001  1.2000000e+001  6.0000000e+000
  2.1000000e+001  1.2000000e+001  6.0000000e+000
  2.4000000e+001  1.2000000e+001  6.0000000e+000
  2.7000000e+001  1.2000000e+001  6.0000000e+000
  3.0000000e+001  1.2000000e+001  6.0000000e+000
  0.0000000e+000  1.5000000e+001  6.0000000e+000
  3.0000000e+000  1.5000000e+001  6.0000000e+000
  6.0000000e+000  1.5000000e+001  6.0000000e+000
  9.0000000e+000  1.5000000e+001  6.0000000e+000
  1.2000000e+001  1.5000000e+001  6.0000000e+000
  1.5000000e+001  1.5000000e+001  6.0000000e+000
  1.8000000e+001  1.5000000e+001  6.0000000e+000
  2.1000000e+001  1.5000000e+001  6.0000000e+000
  2.4000000e+001  1.5000000e+001  6.0000000e+000
  2.7000000e+001  1.5000000e+001  6.0000000e+000
  3.0000000e+001  1.5000000e+001  6.0000000e+000
  0.0000000e+000  1.8000000e+001  6.0000000e+000
  3.0000000e+000  1.8000000e+001  6.0000000e+000
  6.0000000e+000  1.8000000e+001  6.0000000e+000
  9.0000000e+000  1.8000000e+001  6.0000000e+000
  1.2000000e+001  1.8000000e+001  6.0000000e+000
  1.5000000e+001  1.8000000e+001  6.0000000e+000
  1.8000000e+001  1.8000000e+001  6.0000000e+000
  2.1000000e+001  1.8000000e+001  6.0000000e+000
  2.4000000e+001  1.8000000e+001  6.0000000e+000
  2.7000000e+001  1.8000000e+001  6.0000000e+000
  3.0000000e+001  1.8000000e+001  6.0000000e+000
  0.0000000e+000  2.1000000e+001  6.0000000e+000
  3.0000000e+000  2.1000000e+001  6.0000000e+000
  6.0000000e+000  2.1000000e+001  6.0000000e+000
  9.0000000e+000  2.1000000e+001  6.0000000e+000
  1.2000000e+001  2.1000000e+001  6.0000000e+000
  1.5000000e+001  2.1000000e+001  6.0000000e+000
  1.8000000e+001  2.1000000e+001  6.0000000e+000
  2.1000000e+001  2.1000000e+001  6.0000000e+000
  2.4000000e+001  2.1000000e+001  6.0000000e+000
  2.7000000e+001  2.1000000e+001  6.0000000e+000
  3.0000000e+001  2.1000000e+001  6.0000000e+000
  0.0000000e+000  2.4000000e+001  6.0000000e+000
  3.0000000e+000  2.4000000e+001  6.0000000e+000
  6.0000000e+000  2.4000000e+001  6.0000000e+000
  9.0000000e+000  2.4000000e+001  6.0000000e+000
  1.2000000e+001  2.4000000e+001  6.0000000e+000
  1.5000000e+001  2.4000000e+001  6.0000000e+000
  1.8000000e+001  2.4000000e+001  6.0000000e+000
  2.1000000e+001  2.4000000e+001  6.0000000e+000
  2.4000000e+001  2.4000000e+001  6.0000000e+000
  2.7000000e+001  2.4000000e+001  6.0000000e+000
  3.0000000e+001  2.4000000e+001  6.0000000e+000
  0.0000000e+000  2.7000000e+001  6.0000000e+000
  3.0000000e+000  2.7000000e+001  6.0000000e+000
  6.0000000e+000  2.7000000e+001  6.0000000e+000
  9.0000000e+000  2.7000000e+001  6.0000000e+000
  1.2000000e+001  2.7000000e+001  6.0000000e+000
  1.5000000e+001  2.7000000e+001  6.0000000e+000
  1.8000000e+001  2.7000000e+001  6.0000000e+000
  2.1000000e+001  2.7000000e+001  6.0000000e+000
  2.4000000e+001  2.7000000e+001  6.0000000e+000
  2.7000000e+001  2.7000000e+001  6.0000000e+000
  3.0000000e+001  2.7000000e+001  6.0000000e+000
  0.0000000e+000  3.0000000e+001  6.0000000e+000
  3.0000000e+000  3.0000000e+001  6.0000000e+000
  6.0000000e+000  3.0000000e+001  6.0000000e+000
  9.0000000e+000  3.0000000e+001  6.0000000e+000
  1.2000000e+001  3.0000000e+001  6.0000000e+000
  1.5000000e+001  3.0000000e+001  6.0000000e+000
  1.8000000e+001  3.0000000e+001  6.0000000e+000
  2.1000000e+001  3.0000000e+001  6.0000000e+000
  2.4000000e+001  3.0000000e+001  6.0000000e+000
  2.7000000e+001  3.0000000e+001  6.0000000e+000
  3.0000000e+001  3.0000000e+001  6.0000000e+000
  0.0000000e+000  0.0000000e+000  9.0000000e+000
  3.0000000e+000  0.0000000e+000  9.0000000e+000
  6.0000000e+000  0.0000000e+000  9.0000000e+000
  9.0000000e+000  0.0000000e+000  9.0000000e+000
  1.2000000e+001  0.0000000e+000  9.0000000e+000
  1.5000000e+001  0.0000000e+000  9.0000000e+000
  1.8000000e+001  0.0000000e+000  9.0000000e+000
  2.1000000e+001  0.0000000e+000  9.0000000e+000
  2.4000000e+001  0.0000000e+000  9.0000000e+000
  2.7000000e+001  0.0000000e+000  9.0000000e+000
  3.0000000e+001  0.0000000e+000  9.0000000e+000
  0.0000000e+000  3.0000000e+000  9.0000000e+000
  3.0000000e+000  3.0000000e+000  9.0000000e+000
  6.0000000e+000  3.0000000e+000  9.0000000e+000
  9.0000000e+000  3.0000000e+000  9.0000000e+000
  1.2000000e+001  3.0000000e+000  9.0000000e+000
  1.5000000e+001  3.0000000e+000  9.0000000e+000
  1.8000000e+001  3.0000000e+000  9.0000000e+000
  2.1000000e+001  3.0000000e+000  9.0000000e+000
  2.4000000e+001  3.0000000e+000  9.0000000e+000
  2.7000000e+001  3.0000000e+000  9.0000000e+000
  3.0000000e+001  3.0000000e+000  9.0000000e+000
  0.0000000e+000  6.0000000e+000  9.0000000e+000
  3.0000000e+000  6.0000000e+000  9.0000000e+000
  6.0000000e+000  6.0000000e+000  9.0000000e+000
  9.0000000e+000  6.0000000e+000  9.0000000e+000
  1.2000000e+001  6.0000000e+000  9.0000000e+000
  1.5000000e+001  6.0000000e+000  9.0000000e+000
  1.8000000e+001  6.0000000e+000  9.0000000e+000
  2.1000000e+001  6.0000000e+000  9.0000000e+000
  2.4000000e+001  6.0000000e+000  9.0000000e+000
  2.7000000e+001  6.0000000e+000  9.0000000e+000
  3.0000000e+001  6.0000000e+000  9.0000000e+000
  0.0000000e+000  9.0000000e+000  9.0000000e+000
  3.0000000e+000  9.0000000e+000  9.0000000e+000
  6.0000000e+000  9.0000000e+000  9.0000000e+000
  9.0000000e+000  9.0000000e+000  9.0000000e+000
  1.2000000e+001  9.0000000e+000  9.0000000e+000
  1.5000000e+001  9.0000000e+000  9.0000000e+000
  1.8000000e+001  9.0000000e+000  9.0000000e+000
  2.1000000e+001  9.0000000e+000  9.0000000e+000
  2.4000000e+001  9.0000000e+000  9.0000000e+000
  2.7000000e+001  9.0000000e+000  9.0000000e+000
  3.0000000e+001  9.0000000e+000  9.0000000e+000
  0.0000000e+000  1.2000000e+001  9.0000000e+000
  3.0000000e+000  1.2000000e+001  9.0000000e+000
  6.0000000e+000  1.2000000e+001  9.0000000e+000
  9.0000000e+000  1.2000000e+001  9.0000000e+000
  1.2000000e+001  1.2000000e+001  9.0000000e+000
  1.5000000e+001  1.2000000e+001  9.0000000e+000
  1.8000000e+001  1.2000000e+001  9.0000000e+000
  2.1000000e+001  1.2000000e+001  9.0000000e+000
  2.4000000e+001  1.2000000e+001  9.0000000e+000
  2.7000000e+001  1.2000000e+001  9.0000000e+000
  3.0000000e+001  1.2000000e+001  9.0000000e+000
  0.0000000e+000  1.5000000e+001  9.0000000e+000
  3.0000000e+000  1.5000000e+001  9.0000000e+000
  6.0000000e+000  1.5000000e+001  9.0000000e+000
  9.0000000e+000  1.5000000e+001  9.0000000e+000
  1.2000000e+001  1.5000000e+001  9.0000000e+000
  1.5000000e+001  1.5000000e+001  9.0000000e+000
  1.8000000e+001  1.5000000e+001  9.0000000e+000
  2.1000000e+001  1.5000000e+001  9.0000000e+000
  2.4000000e+001  1.5000000e+001  9.0000000e+000
  2.7000000e+001  1.5000000e+001  9.0000000e+000
  3.0000000e+001  1.5000000e+001  9.0000000e+000
  0.0000000e+000  1.8000000e+001  9.0000000e+000
  3.0000000e+000  1.8000000e+001  9.0000000e+000
  6.0000000e+000  1.8000000e+001  9.0000000e+000
  9.0000000e+000  1.8000000e+001  9.0000000e+000
  1.2000000e+001  1.8000000e+001  9.0000000e+000
  1.5000000e+001  1.8000000e+001  9.0000000e+000
  1.8000000e+001  1.8000000e+001  9.0000000e+000
  2.1000000e+001  1.8000000e+001  9.0000000e+000
  2.4000000e+001  1.8000000e+001  9.0000000e+000
  2.7000000e+001  1.8000000e+001  9.0000000e+000
  3.0000000e+001  1.8000000e+001  9.0000000e+000
  0.0000000e+000  2.1000000e+001  9.0000000e+000
  3.0000000e+000  2.1000000e+001  9.0000000e+000
  6.0000000e+000  2.1000000e+001  9.0000000e+000
  9.0000000e+000  2.1000000e+001  9.0000000e+000
  1.2000000e+001  2.1000000e+001  9.0000000e+000
  1.5000000e+001  2.1000000e+001  9.0000000e+000
  1.8000000e+001  2.1000000e+001  9.0000000e+000
  2.1000000e+001  2.1000000e+001  9.0000000e+000
  2.4000000e+001  2.1000000e+001  9.0000000e+000
  2.7000000e+001  2.1000000e+001  9.0000000e+000
  3.0000000e+001  2.1000000e+001  9.0000000e+000
  0.0000000e+000  2.4000000e+001  9.0000000e+000
  3.0000000e+000  2.4000000e+001  9.0000000e+000
  6.0000000e+000  2.4000000e+001  9.0000000e+000
  9.0000000e+000  2.4000000e+001  9.0000000e+000
  1.2000000e+001  2.4000000e+001  9.0000000e+000
  1.5000000e+001  2.4000000e+001  9.0000000e+000
  1.8000000e+001  2.4000000e+001  9.0000000e+000
  2.1000000e+001  2.4000000e+001  9.0000000e+000
  2.4000000e+001  2.4000000e+001  9.0000000e+000
  2.7000000e+001  2.4000000e+001  9.0000000e+000
  3.0000000e+001  2.4000000e+001  9.0000000e+000
  0.0000000e+000  2.7000000e+001  9.0000000e+000
  3.0000000e+000  2.7000000e+001  9.0000000e+000
  6.0000000e+000  2.7000000e+001  9.0000000e+000
  9.0000000e+000  2.7000000e+001  9.0000000e+000
  1.2000000e+001  2.7000000e+001  9.0000000e+000
  1.5000000e+001  2.7000000e+001  9.0000000e+000
  1.8000000e+001  2.7000000e+001  9.0000000e+000
  2.1000000e+001  2.7000000e+001  9.0000000e+000
  2.4000000e+001  2.7000000e+001  9.0000000e+000
  2.7000000e+001  2.7000000e+001  9.0000000e+000
  3.0000000e+001  2.7000000e+001  9.0000000e+000
  0.0000000e+000  3.0000000e+001  9.0000000e+000
  3.0000000e+000  3.0000000e+001  9.0000000e+000
  6.0000000e+000  3.0000000e+001  9.0000000e+000
  9.0000000e+000  3.0000000e+001  9.0000000e+000
  1.2000000e+001  3.0000000e+001  9.0000000e+000
  1.5000000e+001  3.0000000e+001  9.0000000e+000
  1.8000000e+001  3.0000000e+001  9.0000000e+000
  2.1000000e+001  3.0000000e+001  9.0000000e+000
  2.4000000e+001  3.0000000e+001  9.0000000e+000
  2.7000000e+001  3.0000000e+001  9.0000000e+000
  3.0000000e+001  3.0000000e+001  9.0000000e+000
  0.0000000e+000  0.0000000e+000  1.2000000e+001
  3.0000000e+000  0.0000000e+000  1.2000000e+001
  6.0000000e+000  0.0000000e+000  1.2000000e+001
  9.0000000e+000  0.0000000e+000  1.2000000e+001
  1.2000000e+001  0.0000000e+000  1.2000000e+001
  1.5000000e+001  0.0000000e+000  1.2000000e+001
  1.8000000e+001  0.0000000e+000  1.2000000e+001
  2.1000000e+001  0.0000000e+000  1.2000000e+001
  2.4000000e+001  0.0000000e+000  1.2000000e+001
  2.7000000e+001  0.0000000e+000  1.2000000e+001
  3.0000000e+001  0.0000000e+000  1.2000000e+001
  0.0000000e+000  3.0000000e+000  1.2000000e+001
  3.0000000e+000  3.0000000e+000  1.2000000e+001
  6.0000000e+000  3.0000000e+000  1.2000000e+001
  9.0000000e+000  3.0000000e+000  1.2000000e+001
  1.2000000e+001  3.0000000e+000  1.2000000e+001
  1.5000000e+001  3.0000000e+000  1.2000000e+001
  1.8000000e+001  3.0000000e+000  1.2000000e+001
  2.1000000e+001  3.0000000e+000  1.2000000e+001
  2.4000000e+001  3.0000000e+000  1.2000000e+001
  2.7000000e+001  3.0000000e+000  1.2000000e+001
  3.0000000e+001  3.0000000e+000  1.2000000e+001
  0.0000000e+000  6.0000000e+000  1.2000000e+001
  3.0000000e+000  6.0000000e+000  1.2000000e+001
  6.0000000e+000  6.0000000e+000  1.2000000e+001
  9.0000000e+000  6.0000000e+000  1.2000000e+001
  1.2000000e+001  6.0000000e+000  1.2000000e+001
  1.5000000e+001  6.0000000e+000  1.2000000e+001
  1.8000000e+001  6.0000000e+000  1.2000000e+001
  2.1000000e+001  6.0000000e+000  1.2000000e+001
  2.4000000e+001  6.0000000e+000  1.2000000e+001
  2.7000000e+001  6.0000000e+000  1.2000000e+001
  3.0000000e+001  6.0000000e+000  1.2000000e+001
  0.0000000e+000  9.0000000e+000  1.2000000e+001
  3.0000000e+000  9.0000000e+000  1.2000000e+001
  6.0000000e+000  9.0000000e+000  1.2000000e+001
  9.0000000e+000  9.0000000e+000  1.2000000e+001
  1.2000000e+001  9.0000000e+000  1.2000000e+001
  1.5000000e+001  9.0000000e+000  1.2000000e+001
  1.8000000e+001  9.0000000e+000  1.2000000e+001
  2.1000000e+001  9.0000000e+000  1.2000000e+001
  2.4000000e+001  9.0000000e+000  1.2000000e+001
  2.7000000e+001  9.0000000e+000  1.2000000e+001
  3.0000000e+001  9.0000000e+000  1.2000000e+001
  0.0000000e+000  1.2000000e+001  1.2000000e+001
  3.0000000e+000  1.2000000e+001  1.2000000e+001
  6.0000000e+000  1.2000000e+001  1.2000000e+001
  9.0000000e+000  1.2000000e+001  1.2000000e+001
  1.2000000e+001  1.2000000e+001  1.2000000e+001
  1.5000000e+001  1.2000000e+001  1.2000000e+001
  1.8000000e+001  1.2000000e+001  1.2000000e+001
  2.1000000e+001  1.2000000e+001  1.2000000e+001
  2.4000000e+001  1.2000000e+001  1.2000000e+001
  2.7000000e+001  1.2000000e+001  1.2000000e+001
  3.0000000e+001  1.2000000e+001  1.2000000e+001
  0.0000000e+000  1.5000000e+001  1.2000000e+001
  3.0000000e+000  1.5000000e+001  1.2000000e+001
  6.0000000e+000  1.5000000e+001  1.2000000e+001
  9.0000000e+000  1.5000000e+001  1.2000000e+001
  1.2000000e+001  1.5000000e+001  1.2000000e+001
  1.5000000e+001  1.5000000e+001  1.2000000e+001
  1.8000000e+001  1.5000000e+001  1.2000000e+001
  2.1000000e+001  1.5000000e+001  1.2000000e+001
  2.4000000e+001  1.5000000e+001  1.2000000e+001
  2.7000000e+001  1.5000000e+001  1.2000000e+001
  3.0000000e+001  1.5000000e+001  1.2000000e+001
  0.0000000e+000  1.8000000e+001  1.2000000e+001
  3.0000000e+000  1.8000000e+001  1.2000000e+001
  6.0000000e+000  1.8000000e+001  1.2000000e+001
  9.0000000e+000  1.8000000e+001  1.2000000e+001
  1.2000000e+001  1.8000000e+001  1.2000000e+001
  1.5000000e+001  1.8000000e+001  1.2000000e+001
  1.8000000e+001  1.8000000e+001  1.2000000e+001
  2.1000000e+001  1.8000000e+001  1.2000000e+001
  2.4000000e+001  1.8000000e+001  1.2000000e+001
  2.7000000e+001  1.8000000e+001  1.2000000e+001
  3.0000000e+001  1.8000000e+001  1.2000000e+001
  0.0000000e+000  2.1000000e+001  1.2000000e+001
  3.0000000e+000  2.1000000e+001  1.2000000e+001
  6.0000000e+000  2.1000000e+001  1.2000000e+001
  9.0000000e+000  2.1000000e+001  1.2000000e+001
  1.2000000e+001  2.1000000e+001  1.2000000e+001
  1.5000000e+001  2.1000000e+001  1.2000000e+001
  1.8000000e+001  2.1000000e+001  1.2000000e+001
  2.1000000e+001  2.1000000e+001  1.2000000e+001
  2.4000000e+001  2.1000000e+001  1.2000000e+001
  2.7000000e+001  2.1000000e+001  1.2000000e+001
  3.0000000e+001  2.1000000e+001  1.2000000e+001
  0.0000000e+000  2.4000000e+001  1.2000000e+001
  3.0000000e+000  2.4000000e+001  1.2000000e+001
  6.0000000e+000  2.4000000e+001  1.2000000e+001
  9.0000000e+000  2.4000000e+001  1.2000000e+001
  1.2000000e+001  2.4000000e+001  1.2000000e+001
  1.5000000e+001  2.4000000e+001  1.2000000e+001
  1.8000000e+001  2.4000000e+001  1.2000000e+001
  2.1000000e+001  2.4000000e+001  1.2000000e+001
  2.4000000e+001  2.4000000e+001  1.2000000e+001
  2.7000000e+001  2.4000000e+001  1.2000000e+001
  3.0000000e+001  2.4000000e+001  1.2000000e+001
  0.0000000e+000  2.7000000e+001  1.2000000e+001
  3.0000000e+000  2.7000000e+001  1.2000000e+001
  6.0000000e+000  2.7000000e+001  1.2000000e+001
  9.0000000e+000  2.7000000e+001  1.2000000e+001
  1.2000000e+001  2.7000000e+001  1.2000000e+001
  1.5000000e+001  2.7000000e+001  1.2000000e+001
  1.8000000e+001  2.7000000e+001  1.2000000e+001
  2.1000000e+001  2.7000000e+001  1.2000000e+001
  2.4000000e+001  2.7000000e+001  1.2000000e+001
  2.7000000e+001  2.7000000e+001  1.2000000e+001
  3.0000000e+001  2.7000000e+001  1.2000000e+001
  0.0000000e+000  3.0000000e+001  1.2000000e+001
  3.0000000e+000  3.0000000e+001  1.2000000e+001
  6.0000000e+000  3.0000000e+001  1.2000000e+001
  9.0000000e+000  3.0000000e+001  1.2000000e+001
  1.2000000e+001  3.0000000e+001  1.2000000e+001
  1.5000000e+001  3.0000000e+001  1.2000000e+001
  1.8000000e+001  3.0000000e+001  1.2000000e+001
  2.1000000e+001  3.0000000e+001  1.2000000e+001
  2.4000000e+001  3.0000000e+001  1.2000000e+001
  2.7000000e+001  3.0000000e+001  1.2000000e+001
  3.0000000e+001  3.0000000e+001  1.2000000e+001
  0.0000000e+000  0.0000000e+000  1.5000000e+001
  3.0000000e+000  0.0000000e+000  1.5000000e+001
  6.0000000e+000  0.0000000e+000  1.5000000e+001
  9.0000000e+000  0.0000000e+000  1.5000000e+001
  1.2000000e+001  0.0000000e+000  1.5000000e+001
  1.5000000e+001  0.0000000e+000  1.5000000e+001
  1.8000000e+001  0.0000000e+000  1.5000000e+001
  2.1000000e+001  0.0000000e+000  1.5000000e+001
  2.4000000e+001  0.0000000e+000  1.5000000e+001
  2.7000000e+001  0.0000000e+000  1.5000000e+001
  3.0000000e+001  0.0000000e+000  1.5000000e+001
  0.0000000e+000  3.0000000e+000  1.5000000e+001
  3.0000000e+000  3.0000000e+000  1.5000000e+001
  6.0000000e+000  3.0000000e+000  1.5000000e+001
  9.0000000e+000  3.0000000e+000  1.5000000e+001
  1.2000000e+001  3.0000000e+000  1.5000000e+001
  1.5000000e+001  3.0000000e+000  1.5000000e+001
  1.8000000e+001  3.0000000e+000  1.5000000e+001
  2.1000000e+001  3.0000000e+000  1.5000000e+001
  2.4000000e+001  3.0000000e+000  1.5000000e+001
  2.7000000e+001  3.0000000e+000  1.5000000e+001
  3.0000000e+001  3.0000000e+000  1.5000000e+001
  0.0000000e+000  6.0000000e+000  1.5000000e+001
  3.0000000e+000  6.0000000e+000  1.5000000e+001
  6.0000000e+000  6.0000000e+000  1.5000000e+001
  9.0000000e+000  6.0000000e+000  1.5000000e+001
  1.2000000e+001  6.0000000e+000  1.5000000e+001
  1.5000000e+001  6.0000000e+000  1.5000000e+001
  1.8000000e+001  6.0000000e+000  1.5000000e+001
  2.1000000e+001  6.0000000e+000  1.5000000e+001
  2.4000000e+001  6.0000000e+000  1.5000000e+001
  2.7000000e+001  6.0000000e+000  1.5000000e+001
  3.0000000e+001  6.0000000e+000  1.5000000e+001
  0.0000000e+000  9.0000000e+000  1.5000000e+001
  3.0000000e+000  9.0000000e+000  1.5000000e+001
  6.0000000e+000  9.0000000e+000  1.5000000e+001
  9.0000000e+000  9.0000000e+000  1.5000000e+001
  1.2000000e+001  9.0000000e+000  1.5000000e+001
  1.5000000e+001  9.0000000e+000  1.5000000e+001
  1.8000000e+001  9.0000000e+000  1.5000000e+001
  2.1000000e+001  9.0000000e+000  1.5000000e+001
  2.4000000e+001  9.0000000e+000  1.5000000e+001
  2.7000000e+001  9.0000000e+000  1.5000000e+001
  3.0000000e+001  9.0000000e+000  1.5000000e+001
  0.0000000e+000  1.2000000e+001  1.5000000e+001
  3.0000000e+000  1.2000000e+001  1.5000000e+001
  6.0000000e+000  1.2000000e+001  1.5000000e+001
  9.0000000e+000  1.2000000e+001  1.5000000e+001
  1.2000000e+001  1.2000000e+001  1.5000000e+001
  1.5000000e+001  1.2000000e+001  1.5000000e+001
  1.8000000e+001  1.2000000e+001  1.5000000e+001
  2.1000000e+001  1.2000000e+001  1.5000000e+001
  2.4000000e+001  1.2000000e+001  1.5000000e+001
  2.7000000e+001  1.2000000e+001  1.5000000e+001
  3.0000000e+001  1.2000000e+001  1.5000000e+001
  0.0000000e+000  1.5000000e+001  1.5000000e+001
  3.0000000e+000  1.5000000e+001  1.5000000e+001
  6.0000000e+000  1.5000000e+001  1.5000000e+001
  9.0000000e+000  1.5000000e+001  1.5000000e+001
  1.2000000e+001  1.5000000e+001  1.5000000e+001
  1.5000000e+001  1.5000000e+001  1.5000000e+001
  1.8000000e+001  1.5000000e+001  1.5000000e+001
  2.1000000e+001  1.5000000e+001  1.5000000e+001
  2.4000000e+001  1.5000000e+001  1.5000000e+001
  2.7000000e+001  1.5000000e+001  1.5000000e+001
  3.0000000e+001  1.5000000e+001  1.5000000e+001
  0.0000000e+000  1.8000000e+001  1.5000000e+001
  3.0000000e+000  1.8000000e+001  1.5000000e+001
  6.0000000e+000  1.8000000e+001  1.5000000e+001
  9.0000000e+000  1.8000000e+001  1.5000000e+001
  1.2000000e+001  1.8000000e+001  1.5000000e+001
  1.5000000e+001  1.8000000e+001  1.5000000e+001
  1.8000000e+001  1.8000000e+001  1.5000000e+001
  2.1000000e+001  1.8000000e+001  1.5000000e+001
  2.4000000e+001  1.8000000e+001  1.5000000e+001
  2.7000000e+001  1.8000000e+001  1.5000000e+001
  3.0000000e+001  1.8000000e+001  1.5000000e+001
  0.0000000e+000  2.1000000e+001  1.5000000e+001
  3.0000000e+000  2.1000000e+001  1.5000000e+001
  6.0000000e+000  2.1000000e+001  1.5000000e+001
  9.0000000e+000  2.1000000e+001  1.5000000e+001
  1.2000000e+001  2.1000000e+001  1.5000000e+001
  1.5000000e+001  2.1000000e+001  1.5000000e+001
  1.8000000e+001  2.1000000e+001  1.5000000e+001
  2.1000000e+001  2.1000000e+001  1.5000000e+001
  2.4000000e+001  2.1000000e+001  1.5000000e+001
  2.7000000e+001  2.1000000e+001  1.5000000e+001
  3.0000000e+001  2.1000000e+001  1.5000000e+001
  0.0000000e+000  2.4000000e+001  1.5000000e+001
  3.0000000e+000  2.4000000e+001  1.5000000e+001
  6.0000000e+000  2.4000000e+001  1.5000000e+001
  9.0000000e+000  2.4000000e+001  1.5000000e+001
  1.2000000e+001  2.4000000e+001  1.5000000e+001
  1.5000000e+001  2.4000000e+001  1.5000000e+001
  1.8000000e+001  2.4000000e+001  1.5000000e+001
  2.1000000e+001  2.4000000e+001  1.5000000e+001
  2.4000000e+001  2.4000000e+001  1.5000000e+001
  2.7000000e+001  2.4000000e+001  1.5000000e+001
  3.0000000e+001  2.4000000e+001  1.5000000e+001
  0.0000000e+000  2.7000000e+001  1.5000000e+001
  3.0000000e+000  2.7000000e+001  1.5000000e+001
  6.0000000e+000  2.7000000e+001  1.5000000e+001
  9.0000000e+000  2.7000000e+001  1.5000000e+001
  1.2000000e+001  2.7000000e+001  1.5000000e+001
  1.5000000e+001  2.7000000e+001  1.5000000e+001
  1.8000000e+001  2.7000000e+001  1.5000000e+001
  2.1000000e+001  2.7000000e+001  1.5000000e+001
  2.4000000e+001  2.7000000e+001  1.5000000e+001
  2.7000000e+001  2.7000000e+001  1.5000000e+001
  3.0000000e+001  2.7000000e+001  1.5000000e+001
  0.0000000e+000  3.0000000e+001  1.5000000e+001
  3.0000000e+000  3.0000000e+001  1.5000000e+001
  6.0000000e+000  3.0000000e+001  1.5000000e+001
  9.0000000e+000  3.0000000e+001  1.5000000e+001
  1.2000000e+001  3.0000000e+001  1.5000000e+001
  1.5000000e+001  3.0000000e+001  1.5000000e+001
  1.8000000e+001  3.0000000e+001  1.5000000e+001
  2.1000000e+001  3.0000000e+001  1.5000000e+001
  2.4000000e+001  3.0000000e+001  1.5000000e+001
  2.7000000e+001  3.0000000e+001  1.5000000e+001
  3.0000000e+001  3.0000000e+001  1.5000000e+001
  0.0000000e+000  0.0000000e+000  1.8000000e+001
  3.0000000e+000  0.0000000e+000  1.8000000e+001
  6.0000000e+000  0.0000000e+000  1.8000000e+001
  9.0000000e+000  0.0000000e+000  1.8000000e+001
  1.2000000e+001  0.0000000e+000  1.8000000e+001
  1.5000000e+001  0.0000000e+000  1.8000000e+001
  1.8000000e+001  0.0000000e+000  1.8000000e+001
  2.1000000e+001  0.0000000e+000  1.8000000e+001
  2.4000000e+001  0.0000000e+000  1.8000000e+001
  2.7000000e+001  0.0000000e+000  1.8000000e+001
  3.0000000e+001  0.0000000e+000  1.8000000e+001
  0.0000000e+000  3.0000000e+000  1.8000000e+001
  3.0000000e+000  3.0000000e+000  1.8000000e+001
  6.0000000e+000  3.0000000e+000  1.8000000e+001
  9.0000000e+000  3.0000000e+000  1.8000000e+001
  1.2000000e+001  3.0000000e+000  1.8000000e+001
  1.5000000e+001  3.0000000e+000  1.8000000e+001
  1.8000000e+001  3.0000000e+000  1.8000000e+001
  2.1000000e+001  3.0000000e+000  1.8000000e+001
  2.4000000e+001  3.0000000e+000  1.8000000e+001
  2.7000000e+001  3.0000000e+000  1.8000000e+001
  3.0000000e+001  3.0000000e+000  1.8000000e+001
  0.0000000e+000  6.0000000e+000  1.8000000e+001
  3.0000000e+000  6.0000000e+000  1.8000000e+001
  6.0000000e+000  6.0000000e+000  1.8000000e+001
  9.0000000e+000  6.0000000e+000  1.8000000e+001
  1.2000000e+001  6.0000000e+000  1.8000000e+001
  1.5000000e+001  6.0000000e+000  1.8000000e+001
  1.8000000e+001  6.0000000e+000  1.8000000e+001
  2.1000000e+001  6.0000000e+000  1.8000000e+001
  2.4000000e+001  6.0000000e+000  1.8000000e+001
  2.7000000e+001  6.0000000e+000  1.8000000e+001
  3.0000000e+001  6.0000000e+000  1.8000000e+001
  0.0000000e+000  9.0000000e+000  1.8000000e+001
  3.0000000e+000  9.0000000e+000  1.8000000e+001
  6.0000000e+000  9.0000000e+000  1.8000000e+001
  9.0000000e+000  9.0000000e+000  1.8000000e+001
  1.2000000e+001  9.0000000e+000  1.8000000e+001
  1.5000000e+001  9.0000000e+000  1.8000000e+001
  1.8000000e+001  9.0000000e+000  1.8000000e+001
  2.1000000e+001  9.0000000e+000  1.8000000e+001
  2.4000000e+001  9.0000000e+000  1.8000000e+001
  2.7000000e+001  9.0000000e+000  1.8000000e+001
  3.0000000e+001  9.0000000e+000  1.8000000e+001
  0.0000000e+000  1.2000000e+001  1.8000000e+001
  3.0000000e+000  1.2000000e+001  1.8000000e+001
  6.0000000e+000  1.2000000e+001  1.8000000e+001
  9.0000000e+000  1.2000000e+001  1.8000000e+001
  1.2000000e+001  1.2000000e+001  1.8000000e+001
  1.5000000e+001  1.2000000e+001  1.8000000e+001
  1.8000000e+001  1.2000000e+001  1.8000000e+001
  2.1000000e+001  1.2000000e+001  1.8000000e+001
  2.4000000e+001  1.2000000e+001  1.8000000e+001
  2.7000000e+001  1.2000000e+001  1.8000000e+001
  3.0000000e+001  1.2000000e+001  1.8000000e+001
  0.0000000e+000  1.5000000e+001  1.8000000e+001
  3.0000000e+000  1.5000000e+001  1.8000000e+001
  6.0000000e+000  1.5000000e+001  1.8000000e+001
  9.0000000e+000  1.5000000e+001  1.8000000e+001
  1.2000000e+001  1.5000000e+001  1.8000000e+001
  1.5000000e+001  1.5000000e+001  1.8000000e+001
  1.8000000e+001  1.5000000e+001  1.8000000e+001
  2.1000000e+001  1.5000000e+001  1.8000000e+001
  2.4000000e+001  1.5000000e+001  1.8000000e+001
  2.7000000e+001  1.5000000e+001  1.8000000e+001
  3.0000000e+001  1.5000000e+001  1.8000000e+001
  0.0000000e+000  1.8000000e+001  1.8000000e+001
  3.0000000e+000  1.8000000e+001  1.8000000e+001
  6.0000000e+000  1.8000000e+001  1.8000000e+001
  9.0000000e+000  1.8000000e+001  1.8000000e+001
  1.2000000e+001  1.8000000e+001  1.8000000e+001
  1.5000000e+001  1.8000000e+001  1.8000000e+001
  1.8000000e+001  1.8000000e+001  1.8000000e+001
  2.1000000e+001  1.8000000e+001  1.8000000e+001
  2.4000000e+001  1.8000000e+001  1.8000000e+001
  2.7000000e+001  1.8000000e+001  1.8000000e+001
  3.0000000e+001  1.8000000e+001  1.8000000e+001
  0.0000000e+000  2.1000000e+001  1.8000000e+001
  3.0000000e+000  2.1000000e+001  1.8000000e+001
  6.0000000e+000  2.1000000e+001  1.8000000e+001
  9.0000000e+000  2.1000000e+001  1.8000000e+001
  1.2000000e+001  2.1000000e+001  1.8000000e+001
  1.5000000e+001  2.1000000e+001  1.8000000e+001
  1.8000000e+001  2.1000000e+001  1.8000000e+001
  2.1000000e+001  2.1000000e+001  1.8000000e+001
  2.4000000e+001  2.1000000e+001  1.8000000e+001
  2.7000000e+001  2.1000000e+001  1.8000000e+001
  3.0000000e+001  2.1000000e+001  1.8000000e+001
  0.0000000e+000  2.4000000e+001  1.8000000e+001
  3.0000000e+000  2.4000000e+001  1.8000000e+001
  6.0000000e+000  2.4000000e+001  1.8000000e+001
  9.0000000e+000  2.4000000e+001  1.8000000e+001
  1.2000000e+001  2.4000000e+001  1.8000000e+001
  1.5000000e+001  2.4000000e+001  1.8000000e+001
  1.8000000e+001  2.4000000e+001  1.8000000e+001
  2.1000000e+001  2.4000000e+001  1.8000000e+001
  2.4000000e+001  2.4000000e+001  1.8000000e+001
  2.7000000e+001  2.4000000e+001  1.8000000e+001
  3.0000000e+001  2.4000000e+001  1.8000000e+001
  0.0000000e+000  2.7000000e+001  1.8000000e+001
  3.0000000e+000  2.7000000e+001  1.8000000e+001
  6.0000000e+000  2.7000000e+001  1.8000000e+001
  9.0000000e+000  2.7000000e+001  1.8000000e+001
  1.2000000e+001  2.7000000e+001  1.8000000e+001
  1.5000000e+001  2.7000000e+001  1.8000000e+001
  1.8000000e+001  2.7000000e+001  1.8000000e+001
  2.1000000e+001  2.7000000e+001  1.8000000e+001
  2.4000000e+001  2.7000000e+001  1.8000000e+001
  2.7000000e+001  2.7000000e+001  1.8000000e+001
  3.0000000e+001  2.7000000e+001  1.8000000e+001
  0.0000000e+000  3.0000000e+001  1.8000000e+001
  3.0000000e+000  3.0000000e+001  1.8000000e+001
  6.0000000e+000  3.0000000e+001  1.8000000e+001
  9.0000000e+000  3.0000000e+001  1.8000000e+001
  1.2000000e+001  3.0000000e+001  1.8000000e+001
  1.5000000e+001  3.0000000e+001  1.8000000e+001
  1.8000000e+001  3.0000000e+001  1.8000000e+001
  2.1000000e+001  3.0000000e+001  1.8000000e+001
  2.4000000e+001  3.0000000e+001  1.8000000e+001
  2.7000000e+001  3.0000000e+001  1.8000000e+001
  3.0000000e+001  3.0000000e+001  1.8000000e+001
  0.0000000e+000  0.0000000e+000  2.1000000e+001
  3.0000000e+000  0.0000000e+000  2.1000000e+001
  6.0000000e+000  0.0000000e+000  2.1000000e+001
  9.0000000e+000  0.0000000e+000  2.1000000e+001
  1.2000000e+001  0.0000000e+000  2.1000000e+001
  1.5000000e+001  0.0000000e+000  2.1000000e+001
  1.8000000e+001  0.0000000e+000  2.1000000e+001
  2.1000000e+001  0.0000000e+000  2.1000000e+001
  2.4000000e+001  0.0000000e+000  2.1000000e+001
  2.7000000e+001  0.0000000e+000  2.1000000e+001
  3.0000000e+001  0.0000000e+000  2.1000000e+001
  0.0000000e+000  3.0000000e+000  2.1000000e+001
  3.0000000e+000  3.0000000e+000  2.1000000e+001
  6.0000000e+000  3.0000000e+000  2.1000000e+001
  9.0000000e+000  3.0000000e+000  2.1000000e+001
  1.2000000e+001  3.0000000e+000  2.1000000e+001
  1.5000000e+001  3.0000000e+000  2.1000000e+001
  1.8000000e+001  3.0000000e+000  2.1000000e+001
  2.1000000e+001  3.0000000e+000  2.1000000e+001
  2.4000000e+001  3.0000000e+000  2.1000000e+001
  2.7000000e+001  3.0000000e+000  2.1000000e+001
  3.0000000e+001  3.0000000e+000  2.1000000e+001
  0.0000000e+000  6.0000000e+000  2.1000000e+001
  3.0000000e+000  6.0000000e+000  2.1000000e+001
  6.0000000e+000  6.0000000e+000  2.1000000e+001
  9.0000000e+000  6.0000000e+000  2.1000000e+001
  1.2000000e+001  6.0000000e+000  2.1000000e+001
  1.5000000e+001  6.0000000e+000  2.1000000e+001
  1.8000000e+001  6.0000000e+000  2.1000000e+001
  2.1000000e+001  6.0000000e+000  2.1000000e+001
  2.4000000e+001  6.0000000e+000  2.1000000e+001
  2.7000000e+001  6.0000000e+000  2.1000000e+001
  3.0000000e+001  6.0000000e+000  2.1000000e+001
  0.0000000e+000  9.0000000e+000  2.1000000e+001
  3.0000000e+000  9.0000000e+000  2.1000000e+001
  6.0000000e+000  9.0000000e+000  2.1000000e+001
  9.0000000e+000  9.0000000e+000  2.1000000e+001
  1.2000000e+001  9.0000000e+000  2.1000000e+001
  1.5000000e+001  9.0000000e+000  2.1000000e+001
  1.8000000e+001  9.0000000e+000  2.1000000e+001
  2.1000000e+001  9.0000000e+000  2.1000000e+001
  2.4000000e+001  9.0000000e+000  2.1000000e+001
  2.7000000e+001  9.0000000e+000  2.1000000e+001
  3.0000000e+001  9.0000000e+000  2.1000000e+001
  0.0000000e+000  1.2000000e+001  2.1000000e+001
  3.0000000e+000  1.2000000e+001  2.1000000e+001
  6.0000000e+000  1.2000000e+001  2.1000000e+001
  9.0000000e+000  1.2000000e+001  2.1000000e+001
  1.2000000e+001  1.2000000e+001  2.1000000e+001
  1.5000000e+001  1.2000000e+001  2.1000000e+001
  1.8000000e+001  1.2000000e+001  2.1000000e+001
  2.1000000e+001  1.2000000e+001  2.1000000e+001
  2.4000000e+001  1.2000000e+001  2.1000000e+001
  2.7000000e+001  1.2000000e+001  2.1000000e+001
  3.0000000e+001  1.2000000e+001  2.1000000e+001
  0.0000000e+000  1.5000000e+001  2.1000000e+001
  3.0000000e+000  1.5000000e+001  2.1000000e+001
  6.0000000e+000  1.5000000e+001  2.1000000e+001
  9.0000000e+000  1.5000000e+001  2.1000000e+001
  1.2000000e+001  1.5000000e+001  2.1000000e+001
  1.5000000e+001  1.5000000e+001  2.1000000e+001
  1.8000000e+001  1.5000000e+001  2.1000000e+001
  2.1000000e+001  1.5000000e+001  2.1000000e+001
  2.4000000e+001  1.5000000e+001  2.1000000e+001
  2.7000000e+001  1.5000000e+001  2.1000000e+001
  3.0000000e+001  1.5000000e+001  2.1000000e+001
  0.0000000e+000  1.8000000e+001  2.1000000e+001
  3.0000000e+000  1.8000000e+001  2.1000000e+001
  6.0000000e+000  1.8000000e+001  2.1000000e+001
  9.0000000e+000  1.8000000e+001  2.1000000e+001
  1.2000000e+001  1.8000000e+001  2.1000000e+001
  1.5000000e+001  1.8000000e+001  2.1000000e+001
  1.8000000e+001  1.8000000e+001  2.1000000e+001
  2.1000000e+001  1.8000000e+001  2.1000000e+001
  2.4000000e+001  1.8000000e+001  2.1000000e+001
  2.7000000e+001  1.8000000e+001  2.1000000e+001
  3.0000000e+001  1.8000000e+001  2.1000000e+001
  0.0000000e+000  2.1000000e+001  2.1000000e+001
  3.0000000e+000  2.1000000e+001  2.1000000e+001
  6.0000000e+000  2.1000000e+001  2.1000000e+001
  9.0000000e+000  2.1000000e+001  2.1000000e+001
  1.2000000e+001  2.1000000e+001  2.1000000e+001
  1.5000000e+001  2.1000000e+001  2.1000000e+001
  1.8000000e+001  2.1000000e+001  2.1000000e+001
  2.1000000e+001  2.1000000e+001  2.1000000e+001
  2.4000000e+001  2.1000000e+001  2.1000000e+001
  2.7000000e+001  2.1000000e+001  2.1000000e+001
  3.0000000e+001  2.1000000e+001  2.1000000e+001
  0.0000000e+000  2.4000000e+001  2.1000000e+001
  3.0000000e+000  2.4000000e+001  2.1000000e+001
  6.0000000e+000  2.4000000e+001  2.1000000e+001
  9.0000000e+000  2.4000000e+001  2.1000000e+001
  1.2000000e+001  2.4000000e+001  2.1000000e+001
  1.5000000e+001  2.4000000e+001  2.1000000e+001
  1.8000000e+001  2.4000000e+001  2.1000000e+001
  2.1000000e+001  2.4000000e+001  2.1000000e+001
  2.4000000e+001  2.4000000e+001  2.1000000e+001
  2.7000000e+001  2.4000000e+001  2.1000000e+001
  3.0000000e+001  2.4000000e+001  2.1000000e+001
  0.0000000e+000  2.7000000e+001  2.1000000e+001
  3.0000000e+000  2.7000000e+001  2.1000000e+001
  6.0000000e+000  2.7000000e+001  2.1000000e+001
  9.0000000e+000  2.7000000e+001  2.1000000e+001
  1.2000000e+001  2.7000000e+001  2.1000000e+001
  1.5000000e+001  2.7000000e+001  2.1000000e+001
  1.8000000e+001  2.7000000e+001  2.1000000e+001
  2.1000000e+001  2.7000000e+001  2.1000000e+001
  2.4000000e+001  2.7000000e+001  2.1000000e+001
  2.7000000e+001  2.7000000e+001  2.1000000e+001
  3.0000000e+001  2.7000000e+001  2.1000000e+001
  0.0000000e+000  3.0000000e+001  2.1000000e+001
  3.0000000e+000  3.0000000e+001  2.1000000e+001
  6.0000000e+000  3.0000000e+001  2.1000000e+001
  9.0000000e+000  3.0000000e+001  2.1000000e+001
  1.2000000e+001  3.0000000e+001  2.1000000e+001
  1.5000000e+001  3.0000000e+001  2.1000000e+001
  1.8000000e+001  3.0000000e+001  2.1000000e+001
  2.1000000e+001  3.0000000e+001  2.1000000e+001
  2.4000000e+001  3.0000000e+001  2.1000000e+001
  2.7000000e+001  3.0000000e+001  2.1000000e+001
  3.0000000e+001  3.0000000e+001  2.1000000e+001
  0.0000000e+000  0.0000000e+000  2.4000000e+001
  3.0000000e+000  0.0000000e+000  2.4000000e+001
  6.0000000e+000  0.0000000e+000  2.4000000e+001
  9.0000000e+000  0.0000000e+000  2.4000000e+001
  1.2000000e+001  0.0000000e+000  2.4000000e+001
  1.5000000e+001  0.0000000e+000  2.4000000e+001
  1.8000000e+001  0.0000000e+000  2.4000000e+001
  2.1000000e+001  0.0000000e+000  2.4000000e+001
  2.4000000e+001  0.0000000e+000  2.4000000e+001
  2.7000000e+001  0.0000000e+000  2.4000000e+001
  3.0000000e+001  0.0000000e+000  2.4000000e+001
  0.0000000e+000  3.0000000e+000  2.4000000e+001
  3.0000000e+000  3.0000000e+000  2.4000000e+001
  6.0000000e+000  3.0000000e+000  2.4000000e+001
  9.0000000e+000  3.0000000e+000  2.4000000e+001
  1.2000000e+001  3.0000000e+000  2.4000000e+001
  1.5000000e+001  3.0000000e+000  2.4000000e+001
  1.8000000e+001  3.0000000e+000  2.4000000e+001
  2.1000000e+001  3.0000000e+000  2.4000000e+001
  2.4000000e+001  3.0000000e+000  2.4000000e+001
  2.7000000e+001  3.0000000e+000  2.4000000e+001
  3.0000000e+001  3.0000000e+000  2.4000000e+001
  0.0000000e+000  6.0000000e+000  2.4000000e+001
  3.0000000e+000  6.0000000e+000  2.4000000e+001
  6.0000000e+000  6.0000000e+000  2.4000000e+001
  9.0000000e+000  6.0000000e+000  2.4000000e+001
  1.2000000e+001  6.0000000e+000  2.4000000e+001
  1.5000000e+001  6.0000000e+000  2.4000000e+001
  1.8000000e+001  6.0000000e+000  2.4000000e+001
  2.1000000e+001  6.0000000e+000  2.4000000e+001
  2.4000000e+001  6.0000000e+000  2.4000000e+001
  2.7000000e+001  6.0000000e+000  2.4000000e+001
  3.0000000e+001  6.0000000e+000  2.4000000e+001
  0.0000000e+000  9.0000000e+000  2.4000000e+001
  3.0000000e+000  9.0000000e+000  2.4000000e+001
  6.0000000e+000  9.0000000e+000  2.4000000e+001
  9.0000000e+000  9.0000000e+000  2.4000000e+001
  1.2000000e+001  9.0000000e+000  2.4000000e+001
  1.5000000e+001  9.0000000e+000  2.4000000e+001
  1.8000000e+001  9.0000000e+000  2.4000000e+001
  2.1000000e+001  9.0000000e+000  2.4000000e+001
  2.4000000e+001  9.0000000e+000  2.4000000e+001
  2.7000000e+001  9.0000000e+000  2.4000000e+001
  3.0000000e+001  9.0000000e+000  2.4000000e+001
  0.0000000e+000  1.2000000e+001  2.4000000e+001
  3.0000000e+000  1.2000000e+001  2.4000000e+001
  6.0000000e+000  1.2000000e+001  2.4000000e+001
  9.0000000e+000  1.2000000e+001  2.4000000e+001
  1.2000000e+001  1.2000000e+001  2.4000000e+001
  1.5000000e+001  1.2000000e+001  2.4000000e+001
  1.8000000e+001  1.2000000e+001  2.4000000e+001
  2.1000000e+001  1.2000000e+001  2.4000000e+001
  2.4000000e+001  1.2000000e+001  2.4000000e+001
  2.7000000e+001  1.2000000e+001  2.4000000e+001
  3.0000000e+001  1.2000000e+001  2.4000000e+001
  0.0000000e+000  1.5000000e+001  2.4000000e+001
  3.0000000e+000  1.5000000e+001  2.4000000e+001
  6.0000000e+000  1.5000000e+001  2.4000000e+001
  9.0000000e+000  1.5000000e+001  2.4000000e+001
  1.2000000e+001  1.5000000e+001  2.4000000e+001
  1.5000000e+001  1.5000000e+001  2.4000000e+001
  1.8000000e+001  1.5000000e+001  2.4000000e+001
  2.1000000e+001  1.5000000e+001  2.4000000e+001
  2.4000000e+001  1.5000000e+001  2.4000000e+001
  2.7000000e+001  1.5000000e+001  2.4000000e+001
  3.0000000e+001  1.5000000e+001  2.4000000e+001
  0.0000000e+000  1.8000000e+001  2.4000000e+001
  3.0000000e+000  1.8000000e+001  2.4000000e+001
  6.0000000e+000  1.8000000e+001  2.4000000e+001
  9.0000000e+000  1.8000000e+001  2.4000000e+001
  1.2000000e+001  1.8000000e+001  2.4000000e+001
  1.5000000e+001  1.8000000e+001  2.4000000e+001
  1.8000000e+001  1.8000000e+001  2.4000000e+001
  2.1000000e+001  1.8000000e+001  2.4000000e+001
  2.4000000e+001  1.8000000e+001  2.4000000e+001
  2.7000000e+001  1.8000000e+001  2.4000000e+001
  3.0000000e+001  1.8000000e+001  2.4000000e+001
  0.0000000e+000  2.1000000e+001  2.4000000e+001
  3.0000000e+000  2.1000000e+001  2.4000000e+001
  6.0000000e+000  2.1000000e+001  2.4000000e+001
  9.0000000e+000  2.1000000e+001  2.4000000e+001
  1.2000000e+001  2.1000000e+001  2.4000000e+001
  1.5000000e+001  2.1000000e+001  2.4000000e+001
  1.8000000e+001  2.1000000e+001  2.4000000e+001
  2.1000000e+001  2.1000000e+001  2.4000000e+001
  2.4000000e+001  2.1000000e+001  2.4000000e+001
  2.7000000e+001  2.1000000e+001  2.4000000e+001
  3.0000000e+001  2.1000000e+001  2.4000000e+001
  0.0000000e+000  2.4000000e+001  2.4000000e+001
  3.0000000e+000  2.4000000e+001  2.4000000e+001
  6.0000000e+000  2.4000000e+001  2.4000000e+001
  9.0000000e+000  2.4000000e+001  2.4000000e+001
  1.2000000e+001  2.4000000e+001  2.4000000e+001
  1.5000000e+001  2.4000000e+001  2.4000000e+001
  1.8000000e+001  2.4000000e+001  2.4000000e+001
  2.1000000e+001  2.4000000e+001  2.4000000e+001
  2.4000000e+001  2.4000000e+001  2.4000000e+001
  2.7000000e+001  2.4000000e+001  2.4000000e+001
  3.0000000e+001  2.4000000e+001  2.4000000e+001
  0.0000000e+000  2.7000000e+001  2.4000000e+001
  3.0000000e+000  2.7000000e+001  2.4000000e+001
  6.0000000e+000  2.7000000e+001  2.4000000e+001
  9.0000000e+000  2.7000000e+001  2.4000000e+001
  1.2000000e+001  2.7000000e+001  2.4000000e+001
  1.5000000e+001  2.7000000e+001  2.4000000e+001
  1.8000000e+001  2.7000000e+001  2.4000000e+001
  2.1000000e+001  2.7000000e+001  2.4000000e+001
  2.4000000e+001  2.7000000e+001  2.4000000e+001
  2.7000000e+001  2.7000000e+001  2.4000000e+001
  3.0000000e+001  2.7000000e+001  2.4000000e+001
  0.0000000e+000  3.0000000e+001  2.4000000e+001
  3.0000000e+000  3.0000000e+001  2.4000000e+001
  6.0000000e+000  3.0000000e+001  2.4000000e+001
  9.0000000e+000  3.0000000e+001  2.4000000e+001
  1.2000000e+001  3.0000000e+001  2.4000000e+001
  1.5000000e+001  3.0000000e+001  2.4000000e+001
  1.8000000e+001  3.0000000e+001  2.4000000e+001
  2.1000000e+001  3.0000000e+001  2.4000000e+001
  2.4000000e+001  3.0000000e+001  2.4000000e+001
  2.7000000e+001  3.0000000e+001  2.4000000e+001
  3.0000000e+001  3.0000000e+001  2.4000000e+001
  0.0000000e+000  0.0000000e+000  2.7000000e+001
  3.0000000e+000  0.0000000e+000  2.7000000e+001
  6.0000000e+000  0.0000000e+000  2.7000000e+001
  9.0000000e+000  0.0000000e+000  2.7000000e+001
  1.2000000e+001  0.0000000e+000  2.7000000e+001
  1.5000000e+001  0.0000000e+000  2.7000000e+001
  1.8000000e+001  0.0000000e+000  2.7000000e+001
  2.1000000e+001  0.0000000e+000  2.7000000e+001
  2.4000000e+001  0.0000000e+000  2.7000000e+001
  2.7000000e+001  0.0000000e+000  2.7000000e+001
  3.0000000e+001  0.0000000e+000  2.7000000e+001
  0.0000000e+000  3.0000000e+000  2.7000000e+001
  3.0000000e+000  3.0000000e+000  2.7000000e+001
  6.0000000e+000  3.0000000e+000  2.7000000e+001
  9.0000000e+000  3.0000000e+000  2.7000000e+001
  1.2000000e+001  3.0000000e+000  2.7000000e+001
  1.5000000e+001  3.0000000e+000  2.7000000e+001
  1.8000000e+001  3.0000000e+000  2.7000000e+001
  2.1000000e+001  3.0000000e+000  2.7000000e+001
  2.4000000e+001  3.0000000e+000  2.7000000e+001
  2.7000000e+001  3.0000000e+000  2.7000000e+001
  3.0000000e+001  3.0000000e+000  2.7000000e+001
  0.0000000e+000  6.0000000e+000  2.7000000e+001
  3.0000000e+000  6.0000000e+000  2.7000000e+001
  6.0000000e+000  6.0000000e+000  2.7000000e+001
  9.0000000e+000  6.0000000e+000  2.7000000e+001
  1.2000000e+001  6.0000000e+000  2.7000000e+001
  1.5000000e+001  6.0000000e+000  2.7000000e+001
  1.8000000e+001  6.0000000e+000  2.7000000e+001
  2.1000000e+001  6.0000000e+000  2.7000000e+001
  2.4000000e+001  6.0000000e+000  2.7000000e+001
  2.7000000e+001  6.0000000e+000  2.7000000e+001
  3.0000000e+001  6.0000000e+000  2.7000000e+001
  0.0000000e+000  9.0000000e+000  2.7000000e+001
  3.0000000e+000  9.0000000e+000  2.7000000e+001
  6.0000000e+000  9.0000000e+000  2.7000000e+001
  9.0000000e+000  9.0000000e+000  2.7000000e+001
  1.2000000e+001  9.0000000e+000  2.7000000e+001
  1.5000000e+001  9.0000000e+000  2.7000000e+001
  1.8000000e+001  9.0000000e+000  2.7000000e+001
  2.1000000e+001  9.0000000e+000  2.7000000e+001
  2.4000000e+001  9.0000000e+000  2.7000000e+001
  2.7000000e+001  9.0000000e+000  2.7000000e+001
  3.0000000e+001  9.0000000e+000  2.7000000e+001
  0.0000000e+000  1.2000000e+001  2.7000000e+001
  3.0000000e+000  1.2000000e+001  2.7000000e+001
  6.0000000e+000  1.2000000e+001  2.7000000e+001
  9.0000000e+000  1.2000000e+001  2.7000000e+001
  1.2000000e+001  1.2000000e+001  2.7000000e+001
  1.5000000e+001  1.2000000e+001  2.7000000e+001
  1.8000000e+001  1.2000000e+001  2.7000000e+001
  2.1000000e+001  1.2000000e+001  2.7000000e+001
  2.4000000e+001  1.2000000e+001  2.7000000e+001
  2.7000000e+001  1.2000000e+001  2.7000000e+001
  3.0000000e+001  1.2000000e+001  2.7000000e+001
  0.0000000e+000  1.5000000e+001  2.7000000e+001
  3.0000000e+000  1.5000000e+001  2.7000000e+001
  6.0000000e+000  1.5000000e+001  2.7000000e+001
  9.0000000e+000  1.5000000e+001  2.7000000e+001
  1.2000000e+001  1.5000000e+001  2.7000000e+001
  1.5000000e+001  1.5000000e+001  2.7000000e+001
  1.8000000e+001  1.5000000e+001  2.7000000e+001
  2.1000000e+001  1.5000000e+001  2.7000000e+001
  2.4000000e+001  1.5000000e+001  2.7000000e+001
  2.7000000e+001  1.5000000e+001  2.7000000e+001
  3.0000000e+001  1.5000000e+001  2.7000000e+001
  0.0000000e+000  1.8000000e+001  2.7000000e+001
  3.0000000e+000  1.8000000e+001  2.7000000e+001
  6.0000000e+000  1.8000000e+001  2.7000000e+001
  9.0000000e+000  1.8000000e+001  2.7000000e+001
  1.2000000e+001  1.8000000e+001  2.7000000e+001
  1.5000000e+001  1.8000000e+001  2.7000000e+001
  1.8000000e+001  1.8000000e+001  2.7000000e+001
  2.1000000e+001  1.8000000e+001  2.7000000e+001
  2.4000000e+001  1.8000000e+001  2.7000000e+001
  2.7000000e+001  1.8000000e+001  2.7000000e+001
  3.0000000e+001  1.8000000e+001  2.7000000e+001
  0.0000000e+000  2.1000000e+001  2.7000000e+001
  3.0000000e+000  2.1000000e+001  2.7000000e+001
  6.0000000e+000  2.1000000e+001  2.7000000e+001
  9.0000000e+000  2.1000000e+001  2.7000000e+001
  1.2000000e+001  2.1000000e+001  2.7000000e+001
  1.5000000e+001  2.1000000e+001  2.7000000e+001
  1.8000000e+001  2.1000000e+001  2.7000000e+001
  2.1000000e+001  2.1000000e+001  2.7000000e+001
  2.4000000e+001  2.1000000e+001  2.7000000e+001
  2.7000000e+001  2.1000000e+001  2.7000000e+001
  3.0000000e+001  2.1000000e+001  2.7000000e+001
  0.0000000e+000  2.4000000e+001  2.7000000e+001
  3.0000000e+000  2.4000000e+001  2.7000000e+001
  6.0000000e+000  2.4000000e+001  2.7000000e+001
  9.0000000e+000  2.4000000e+001  2.7000000e+001
  1.2000000e+001  2.4000000e+001  2.7000000e+001
  1.5000000e+001  2.4000000e+001  2.7000000e+001
  1.8000000e+001  2.4000000e+001  2.7000000e+001
  2.1000000e+001  2.4000000e+001  2.7000000e+001
  2.4000000e+001  2.4000000e+001  2.7000000e+001
  2.7000000e+001  2.4000000e+001  2.7000000e+001
  3.0000000e+001  2.4000000e+001  2.7000000e+001
  0.0000000e+000  2.7000000e+001  2.7000000e+001
  3.0000000e+000  2.7000000e+001  2.7000000e+001
  6.0000000e+000  2.7000000e+001  2.7000000e+001
  9.0000000e+000  2.7000000e+001  2.7000000e+001
  1.2000000e+001  2.7000000e+001  2.7000000e+001
  1.5000000e+001  2.7000000e+001  2.7000000e+001
  1.8000000e+001  2.7000000e+001  2.7000000e+001
  2.1000000e+001  2.7000000e+001  2.7000000e+001
  2.4000000e+001  2.7000000e+001  2.7000000e+001
  2.7000000e+001  2.7000000e+001  2.7000000e+001
  3.0000000e+001  2.7000000e+001  2.7000000e+001
  0.0000000e+000  3.0000000e+001  2.7000000e+001
  3.0000000e+000  3.0000000e+001  2.7000000e+001
  6.0000000e+000  3.0000000e+001  2.7000000e+001
  9.0000000e+000  3.0000000e+001  2.7000000e+001
  1.2000000e+001  3.0000000e+001  2.7000000e+001
  1.5000000e+001  3.0000000e+001  2.7000000e+001
  1.8000000e+001  3.0000000e+001  2.7000000e+001
  2.1000000e+001  3.0000000e+001  2.7000000e+001
  2.4000000e+001  3.0000000e+001  2.7000000e+001
  2.7000000e+001  3.0000000e+001  2.7000000e+001
  3.0000000e+001  3.0000000e+001  2.7000000e+001
  0.0000000e+000  0.0000000e+000  3.0000000e+001
  3.0000000e+000  0.0000000e+000  3.0000000e+001
  6.0000000e+000  0.0000000e+000  3.0000000e+001
  9.0000000e+000  0.0000000e+000  3.0000000e+001
  1.2000000e+001  0.0000000e+000  3.0000000e+001
  1.5000000e+001  0.0000000e+000  3.0000000e+001
  1.8000000e+001  0.0000000e+000  3.0000000e+001
  2.1000000e+001  0.0000000e+000  3.0000000e+001
  2.4000000e+001  0.0000000e+000  3.0000000e+001
  2.7000000e+001  0.0000000e+000  3.0000000e+001
  3.0000000e+001  0.0000000e+000  3.0000000e+001
  0.0000000e+000  3.0000000e+000  3.0000000e+001
  3.0000000e+000  3.0000000e+000  3.0000000e+001
  6.0000000e+000  3.0000000e+000  3.0000000e+001
  9.0000000e+000  3.0000000e+000  3.0000000e+001
  1.2000000e+001  3.0000000e+000  3.0000000e+001
  1.5000000e+001  3.0000000e+000  3.0000000e+001
  1.8000000e+001  3.0000000e+000  3.0000000e+001
  2.1000000e+001  3.0000000e+000  3.0000000e+001
  2.4000000e+001  3.0000000e+000  3.0000000e+001
  2.7000000e+001  3.0000000e+000  3.0000000e+001
  3.0000000e+001  3.0000000e+000  3.0000000e+001
  0.0000000e+000  6.0000000e+000  3.0000000e+001
  3.0000000e+000  6.0000000e+000  3.0000000e+001
  6.0000000e+000  6.0000000e+000  3.0000000e+001
  9.0000000e+000  6.0000000e+000  3.0000000e+001
  1.2000000e+001  6.0000000e+000  3.0000000e+001
  1.5000000e+001  6.0000000e+000  3.0000000e+001
  1.8000000e+001  6.0000000e+000  3.0000000e+001
  2.1000000e+001  6.0000000e+000  3.0000000e+001
  2.4000000e+001  6.0000000e+000  3.0000000e+001
  2.7000000e+001  6.0000000e+000  3.0000000e+001
  3.0000000e+001  6.0000000e+000  3.0000000e+001
  0.0000000e+000  9.0000000e+000  3.0000000e+001
  3.0000000e+000  9.0000000e+000  3.0000000e+001
  6.0000000e+000  9.0000000e+000  3.0000000e+001
  9.0000000e+000  9.0000000e+000  3.0000000e+001
  1.2000000e+001  9.0000000e+000  3.0000000e+001
  1.5000000e+001  9.0000000e+000  3.0000000e+001
  1.8000000e+001  9.0000000e+000  3.0000000e+001
  2.1000000e+001  9.0000000e+000  3.0000000e+001
  2.4000000e+001  9.0000000e+000  3.0000000e+001
  2.7000000e+001  9.0000000e+000  3.0000000e+001
  3.0000000e+001  9.0000000e+000  3.0000000e+001
  0.0000000e+000  1.2000000e+001  3.0000000e+001
  3.0000000e+000  1.2000000e+001  3.0000000e+001
  6.0000000e+000  1.2000000e+001  3.0000000e+001
  9.0000000e+000  1.2000000e+001  3.0000000e+001
  1.2000000e+001  1.2000000e+001  3.0000000e+001
  1.5000000e+001  1.2000000e+001  3.0000000e+001
  1.8000000e+001  1.2000000e+001  3.0000000e+001
  2.1000000e+001  1.2000000e+001  3.0000000e+001
  2.4000000e+001  1.2000000e+001  3.0000000e+001
  2.7000000e+001  1.2000000e+001  3.0000000e+001
  3.0000000e+001  1.2000000e+001  3.0000000e+001
  0.0000000e+000  1.5000000e+001  3.0000000e+001
  3.0000000e+000  1.5000000e+001  3.0000000e+001
  6.0000000e+000  1.5000000e+001  3.0000000e+001
  9.0000000e+000  1.5000000e+001  3.0000000e+001
  1.2000000e+001  1.5000000e+001  3.0000000e+001
  1.5000000e+001  1.5000000e+001  3.0000000e+001
  1.8000000e+001  1.5000000e+001  3.0000000e+001
  2.1000000e+001  1.5000000e+001  3.0000000e+001
  2.4000000e+001  1.5000000e+001  3.0000000e+001
  2.7000000e+001  1.5000000e+001  3.0000000e+001
  3.0000000e+001  1.5000000e+001  3.0000000e+001
  0.0000000e+000  1.8000000e+001  3.0000000e+001
  3.0000000e+000  1.8000000e+001  3.0000000e+001
  6.0000000e+000  1.8000000e+001  3.0000000e+001
  9.0000000e+000  1.8000000e+001  3.0000000e+001
  1.2000000e+001  1.8000000e+001  3.0000000e+001
  1.5000000e+001  1.8000000e+001  3.0000000e+001
  1.8000000e+001  1.8000000e+001  3.0000000e+001
  2.1000000e+001  1.8000000e+001  3.0000000e+001
  2.4000000e+001  1.8000000e+001  3.0000000e+001
  2.7000000e+001  1.8000000e+001  3.0000000e+001
  3.0000000e+001  1.8000000e+001  3.0000000e+001
  0.0000000e+000  2.1000000e+001  3.0000000e+001
  3.0000000e+000  2.1000000e+001  3.0000000e+001
  6.0000000e+000  2.1000000e+001  3.0000000e+001
  9.0000000e+000  2.1000000e+001  3.0000000e+001
  1.2000000e+001  2.1000000e+001  3.0000000e+001
  1.5000000e+001  2.1000000e+001  3.0000000e+001
  1.8000000e+001  2.1000000e+001  3.0000000e+001
  2.1000000e+001  2.1000000e+001  3.0000000e+001
  2.4000000e+001  2.1000000e+001  3.0000000e+001
  2.7000000e+001  2.1000000e+001  3.0000000e+001
  3.0000000e+001  2.1000000e+001  3.0000000e+001
  0.0000000e+000  2.4000000e+001  3.0000000e+001
  3.0000000e+000  2.4000000e+001  3.0000000e+001
  6.0000000e+000  2.4000000e+001  3.0000000e+001
  9.0000000e+000  2.4000000e+001  3.0000000e+001
  1.2000000e+001  2.4000000e+001  3.0000000e+001
  1.5000000e+001  2.4000000e+001  3.0000000e+001
  1.8000000e+001  2.4000000e+001  3.0000000e+001
  2.1000000e+001  2.4000000e+001  3.0000000e+001
  2.4000000e+001  2.4000000e+001  3.0000000e+001
  2.7000000e+001  2.4000000e+001  3.0000000e+001
  3.0000000e+001  2.4000000e+001  3.0000000e+001
  0.0000000e+000  2.7000000e+001  3.0000000e+001
  3.0000000e+000  2.7000000e+001  3.0000000e+001
  6.0000000e+000  2.7000000e+001  3.0000000e+001
  9.0000000e+000  2.7000000e+001  3.0000000e+001
  1.2000000e+001  2.7000000e+001  3.0000000e+001
  1.5000000e+001  2.7000000e+001  3.0000000e+001
  1.8000000e+001  2.7000000e+001  3.0000000e+001
  2.1000000e+001  2.7000000e+001  3.0000000e+001
  2.4000000e+001  2.7000000e+001  3.0000000e+001
  2.7000000e+001  2.7000000e+001  3.0000000e+001
  3.0000000e+001  2.7000000e+001  3.0000000e+001
  0.0000000e+000  3.0000000e+001  3.0000000e+001
  3.0000000e+000  3.0000000e+001  3.0000000e+001
  6.0000000e+000  3.0000000e+001  3.0000000e+001
  9.0000000e+000  3.0000000e+001  3.0000000e+001
  1.2000000e+001  3.0000000e+001  3.0000000e+001
  1.5000000e+001  3.0000000e+001  3.0000000e+001
  1.8000000e+001  3.0000000e+001  3.0000000e+001
  2.1000000e+001  3.0000000e+001  3.0000000e+001
  2.4000000e+001  3.0000000e+001  3.0000000e+001
  2.7000000e+001  3.0000000e+001  3.0000000e+001
  3.0000000e+001  3.0000000e+001  3.0000000e+001
