/*--------------------------------*- C++ -*----------------------------------*\
| =========                 |                                                 |
| \\      /  F ield         | OpenFOAM: The Open Source CFD Toolbox           |
|  \\    /   O peration     | Version:  2.4.0                                 |
|   \\  /    A nd           | Web:      www.OpenFOAM.org                      |
|    \\/     M anipulation  |                                                 |
\*---------------------------------------------------------------------------*/
FoamFile
{
    version     2.0;
    format      ascii;
    class       labelList;
    note        "nPoints:6719  nCells:5334  nFaces:17336  nInternalFaces:14512";
    location    "constant/polyMesh";
    object      neighbour;
}
// * * * * * * * * * * * * * * * * * * * * * * * * * * * * * * * * * * * * * //


14512
(
1
12
432
1032
1044
2
13
433
1033
1045
3
14
434
1034
1046
4
15
435
1035
1047
5
16
436
1036
1048
6
17
437
1037
1049
7
18
438
1038
1050
8
19
439
1039
1051
9
20
440
1040
1052
10
21
441
1041
1053
11
22
442
1042
1054
23
443
1043
1055
13
24
900
1056
14
25
901
1057
15
26
902
1058
16
27
903
1059
17
28
904
1060
18
29
905
1061
19
30
906
1062
20
31
907
1063
21
32
908
1064
22
33
909
1065
23
34
910
1066
35
911
1067
25
888
1068
1668
26
889
1069
1669
27
890
1070
1670
28
891
1071
1671
29
892
1072
1672
30
893
1073
1673
31
894
1074
1674
32
895
1075
1675
33
896
1076
1676
34
897
1077
1677
35
898
1078
1678
899
1079
1679
37
48
876
1092
1668
38
49
877
1093
1669
39
50
878
1094
1670
40
51
879
1095
1671
41
52
880
1096
1672
42
53
881
1097
1673
43
54
882
1098
1674
44
55
883
1099
1675
45
56
884
1100
1676
46
57
885
1101
1677
47
58
886
1102
1678
59
887
1103
1679
49
60
864
1104
50
61
865
1105
51
62
866
1106
52
63
867
1107
53
64
868
1108
54
65
869
1109
55
66
870
1110
56
67
871
1111
57
68
872
1112
58
69
873
1113
59
70
874
1114
71
875
1115
61
72
852
1116
62
73
853
1117
63
74
854
1118
64
75
855
1119
65
76
856
1120
66
77
857
1121
67
78
858
1122
68
79
859
1123
69
80
860
1124
70
81
861
1125
71
82
862
1126
83
863
1127
73
84
1128
1140
74
85
1129
1141
75
86
1130
1142
76
87
1131
1143
77
88
1132
1144
78
89
1133
1145
79
90
1134
1146
80
91
1135
1147
81
92
1136
1148
82
93
1137
1149
83
94
1138
1150
95
1139
1151
85
96
840
1152
86
97
841
1153
87
98
842
1154
88
99
843
1155
89
100
844
1156
90
101
845
1157
91
102
846
1158
92
103
847
1159
93
104
848
1160
94
105
849
1161
95
106
850
1162
107
851
1163
97
108
828
1164
98
109
829
1165
99
110
830
1166
100
111
831
1167
101
112
832
1168
102
113
833
1169
103
114
834
1170
104
115
835
1171
105
116
836
1172
106
117
837
1173
107
118
838
1174
119
839
1175
109
120
816
1176
110
121
817
1177
111
122
818
1178
112
123
819
1179
113
124
820
1180
114
125
821
1181
115
126
822
1182
116
127
823
1183
117
128
824
1184
118
129
825
1185
119
130
826
1186
131
827
1187
121
132
804
1188
122
133
805
1189
123
134
806
1190
124
135
807
1191
125
136
808
1192
126
137
809
1193
127
138
810
1194
128
139
811
1195
129
140
812
1196
130
141
813
1197
131
142
814
1198
143
815
1199
133
144
1200
1212
134
145
1201
1213
135
146
1202
1214
136
147
1203
1215
137
148
1204
1216
138
149
1205
1217
139
150
1206
1218
140
151
1207
1219
141
152
1208
1220
142
153
1209
1221
143
154
1210
1222
155
1211
1223
145
156
792
1224
146
157
793
1225
147
158
794
1226
148
159
795
1227
149
160
796
1228
150
161
797
1229
151
162
798
1230
152
163
799
1231
153
164
800
1232
154
165
801
1233
155
166
802
1234
167
803
1235
157
780
1236
1680
158
781
1237
1681
159
782
1238
1682
160
783
1239
1683
161
784
1240
1684
162
785
1241
1685
163
786
1242
1686
164
787
1243
1687
165
788
1244
1688
166
789
1245
1689
167
790
1246
1690
791
1247
1691
169
180
768
1260
1680
170
181
769
1261
1681
171
182
770
1262
1682
172
183
771
1263
1683
173
184
772
1264
1684
174
185
773
1265
1685
175
186
774
1266
1686
176
187
775
1267
1687
177
188
776
1268
1688
178
189
777
1269
1689
179
190
778
1270
1690
191
779
1271
1691
181
756
1272
1692
182
757
1273
1693
183
758
1274
1694
184
759
1275
1695
185
760
1276
1696
186
761
1277
1697
187
762
1278
1698
188
763
1279
1699
189
764
1280
1700
190
765
1281
1701
191
766
1282
1702
767
1283
1703
193
204
744
1296
1692
194
205
745
1297
1693
195
206
746
1298
1694
196
207
747
1299
1695
197
208
748
1300
1696
198
209
749
1301
1697
199
210
750
1302
1698
200
211
751
1303
1699
201
212
752
1304
1700
202
213
753
1305
1701
203
214
754
1306
1702
215
755
1307
1703
205
216
732
1308
206
217
733
1309
207
218
734
1310
208
219
735
1311
209
220
736
1312
210
221
737
1313
211
222
738
1314
212
223
739
1315
213
224
740
1316
214
225
741
1317
215
226
742
1318
227
743
1319
217
228
720
1320
218
229
721
1321
219
230
722
1322
220
231
723
1323
221
232
724
1324
222
233
725
1325
223
234
726
1326
224
235
727
1327
225
236
728
1328
226
237
729
1329
227
238
730
1330
239
731
1331
229
240
1332
1344
230
241
1333
1345
231
242
1334
1346
232
243
1335
1347
233
244
1336
1348
234
245
1337
1349
235
246
1338
1350
236
247
1339
1351
237
248
1340
1352
238
249
1341
1353
239
250
1342
1354
251
1343
1355
241
252
708
1356
242
253
709
1357
243
254
710
1358
244
255
711
1359
245
256
712
1360
246
257
713
1361
247
258
714
1362
248
259
715
1363
249
260
716
1364
250
261
717
1365
251
262
718
1366
263
719
1367
253
264
696
1368
254
265
697
1369
255
266
698
1370
256
267
699
1371
257
268
700
1372
258
269
701
1373
259
270
702
1374
260
271
703
1375
261
272
704
1376
262
273
705
1377
263
274
706
1378
275
707
1379
265
276
684
1380
266
277
685
1381
267
278
686
1382
268
279
687
1383
269
280
688
1384
270
281
689
1385
271
282
690
1386
272
283
691
1387
273
284
692
1388
274
285
693
1389
275
286
694
1390
287
695
1391
277
288
672
1392
278
289
673
1393
279
290
674
1394
280
291
675
1395
281
292
676
1396
282
293
677
1397
283
294
678
1398
284
295
679
1399
285
296
680
1400
286
297
681
1401
287
298
682
1402
299
683
1403
289
300
1404
1416
290
301
1405
1417
291
302
1406
1418
292
303
1407
1419
293
304
1408
1420
294
305
1409
1421
295
306
1410
1422
296
307
1411
1423
297
308
1412
1424
298
309
1413
1425
299
310
1414
1426
311
1415
1427
301
312
660
1428
302
313
661
1429
303
314
662
1430
304
315
663
1431
305
316
664
1432
306
317
665
1433
307
318
666
1434
308
319
667
1435
309
320
668
1436
310
321
669
1437
311
322
670
1438
323
671
1439
313
648
1440
1704
314
649
1441
1705
315
650
1442
1706
316
651
1443
1707
317
652
1444
1708
318
653
1445
1709
319
654
1446
1710
320
655
1447
1711
321
656
1448
1712
322
657
1449
1713
323
658
1450
1714
659
1451
1715
325
336
636
1464
1704
326
337
637
1465
1705
327
338
638
1466
1706
328
339
639
1467
1707
329
340
640
1468
1708
330
341
641
1469
1709
331
342
642
1470
1710
332
343
643
1471
1711
333
344
644
1472
1712
334
345
645
1473
1713
335
346
646
1474
1714
347
647
1475
1715
337
348
624
1476
338
349
625
1477
339
350
626
1478
340
351
627
1479
341
352
628
1480
342
353
629
1481
343
354
630
1482
344
355
631
1483
345
356
632
1484
346
357
633
1485
347
358
634
1486
359
635
1487
349
360
612
1488
350
361
613
1489
351
362
614
1490
352
363
615
1491
353
364
616
1492
354
365
617
1493
355
366
618
1494
356
367
619
1495
357
368
620
1496
358
369
621
1497
359
370
622
1498
371
623
1499
361
372
1500
1512
362
373
1501
1513
363
374
1502
1514
364
375
1503
1515
365
376
1504
1516
366
377
1505
1517
367
378
1506
1518
368
379
1507
1519
369
380
1508
1520
370
381
1509
1521
371
382
1510
1522
383
1511
1523
373
384
600
1524
374
385
601
1525
375
386
602
1526
376
387
603
1527
377
388
604
1528
378
389
605
1529
379
390
606
1530
380
391
607
1531
381
392
608
1532
382
393
609
1533
383
394
610
1534
395
611
1535
385
396
588
1536
386
397
589
1537
387
398
590
1538
388
399
591
1539
389
400
592
1540
390
401
593
1541
391
402
594
1542
392
403
595
1543
393
404
596
1544
394
405
597
1545
395
406
598
1546
407
599
1547
397
408
576
1548
398
409
577
1549
399
410
578
1550
400
411
579
1551
401
412
580
1552
402
413
581
1553
403
414
582
1554
404
415
583
1555
405
416
584
1556
406
417
585
1557
407
418
586
1558
419
587
1559
409
420
564
1560
410
421
565
1561
411
422
566
1562
412
423
567
1563
413
424
568
1564
414
425
569
1565
415
426
570
1566
416
427
571
1567
417
428
572
1568
418
429
573
1569
419
430
574
1570
431
575
1571
421
456
1572
1584
422
457
1573
1585
423
458
1574
1586
424
459
1575
1587
425
460
1576
1588
426
461
1577
1589
427
462
1578
1590
428
463
1579
1591
429
464
1580
1592
430
465
1581
1593
431
466
1582
1594
467
1583
1595
433
444
912
1020
434
445
913
1021
435
446
914
1022
436
447
915
1023
437
448
916
1024
438
449
917
1025
439
450
918
1026
440
451
919
1027
441
452
920
1028
442
453
921
1029
443
454
922
1030
455
923
1031
445
528
924
1008
446
529
925
1009
447
530
926
1010
448
531
927
1011
449
532
928
1012
450
533
929
1013
451
534
930
1014
452
535
931
1015
453
536
932
1016
454
537
933
1017
455
538
934
1018
539
935
1019
457
468
552
1596
458
469
553
1597
459
470
554
1598
460
471
555
1599
461
472
556
1600
462
473
557
1601
463
474
558
1602
464
475
559
1603
465
476
560
1604
466
477
561
1605
467
478
562
1606
479
563
1607
469
480
540
1608
470
481
541
1609
471
482
542
1610
472
483
543
1611
473
484
544
1612
474
485
545
1613
475
486
546
1614
476
487
547
1615
477
488
548
1616
478
489
549
1617
479
490
550
1618
491
551
1619
481
492
972
1620
482
493
973
1621
483
494
974
1622
484
495
975
1623
485
496
976
1624
486
497
977
1625
487
498
978
1626
488
499
979
1627
489
500
980
1628
490
501
981
1629
491
502
982
1630
503
983
1631
493
504
960
1632
494
505
961
1633
495
506
962
1634
496
507
963
1635
497
508
964
1636
498
509
965
1637
499
510
966
1638
500
511
967
1639
501
512
968
1640
502
513
969
1641
503
514
970
1642
515
971
1643
505
516
1644
1656
506
517
1645
1657
507
518
1646
1658
508
519
1647
1659
509
520
1648
1660
510
521
1649
1661
511
522
1650
1662
512
523
1651
1663
513
524
1652
1664
514
525
1653
1665
515
526
1654
1666
527
1655
1667
517
528
948
984
518
529
949
985
519
530
950
986
520
531
951
987
521
532
952
988
522
533
953
989
523
534
954
990
524
535
955
991
525
536
956
992
526
537
957
993
527
538
958
994
539
959
995
529
936
996
530
937
997
531
938
998
532
939
999
533
940
1000
534
941
1001
535
942
1002
536
943
1003
537
944
1004
538
945
1005
539
946
1006
947
1007
541
552
972
542
553
973
543
554
974
544
555
975
545
556
976
546
557
977
547
558
978
548
559
979
549
560
980
550
561
981
551
562
982
563
983
553
564
554
565
555
566
556
567
557
568
558
569
559
570
560
571
561
572
562
573
563
574
575
565
576
566
577
567
578
568
579
569
580
570
581
571
582
572
583
573
584
574
585
575
586
587
577
588
578
589
579
590
580
591
581
592
582
593
583
594
584
595
585
596
586
597
587
598
599
589
600
590
601
591
602
592
603
593
604
594
605
595
606
596
607
597
608
598
609
599
610
611
601
612
602
613
603
614
604
615
605
616
606
617
607
618
608
619
609
620
610
621
611
622
623
613
624
614
625
615
626
616
627
617
628
618
629
619
630
620
631
621
632
622
633
623
634
635
625
636
626
637
627
638
628
639
629
640
630
641
631
642
632
643
633
644
634
645
635
646
647
637
648
638
649
639
650
640
651
641
652
642
653
643
654
644
655
645
656
646
657
647
658
659
649
660
650
661
651
662
652
663
653
664
654
665
655
666
656
667
657
668
658
669
659
670
671
661
672
662
673
663
674
664
675
665
676
666
677
667
678
668
679
669
680
670
681
671
682
683
673
684
674
685
675
686
676
687
677
688
678
689
679
690
680
691
681
692
682
693
683
694
695
685
696
686
697
687
698
688
699
689
700
690
701
691
702
692
703
693
704
694
705
695
706
707
697
708
698
709
699
710
700
711
701
712
702
713
703
714
704
715
705
716
706
717
707
718
719
709
720
710
721
711
722
712
723
713
724
714
725
715
726
716
727
717
728
718
729
719
730
731
721
732
722
733
723
734
724
735
725
736
726
737
727
738
728
739
729
740
730
741
731
742
743
733
744
734
745
735
746
736
747
737
748
738
749
739
750
740
751
741
752
742
753
743
754
755
745
756
746
757
747
758
748
759
749
760
750
761
751
762
752
763
753
764
754
765
755
766
767
757
768
758
769
759
770
760
771
761
772
762
773
763
774
764
775
765
776
766
777
767
778
779
769
780
770
781
771
782
772
783
773
784
774
785
775
786
776
787
777
788
778
789
779
790
791
781
792
782
793
783
794
784
795
785
796
786
797
787
798
788
799
789
800
790
801
791
802
803
793
804
794
805
795
806
796
807
797
808
798
809
799
810
800
811
801
812
802
813
803
814
815
805
816
806
817
807
818
808
819
809
820
810
821
811
822
812
823
813
824
814
825
815
826
827
817
828
818
829
819
830
820
831
821
832
822
833
823
834
824
835
825
836
826
837
827
838
839
829
840
830
841
831
842
832
843
833
844
834
845
835
846
836
847
837
848
838
849
839
850
851
841
852
842
853
843
854
844
855
845
856
846
857
847
858
848
859
849
860
850
861
851
862
863
853
864
854
865
855
866
856
867
857
868
858
869
859
870
860
871
861
872
862
873
863
874
875
865
876
866
877
867
878
868
879
869
880
870
881
871
882
872
883
873
884
874
885
875
886
887
877
888
878
889
879
890
880
891
881
892
882
893
883
894
884
895
885
896
886
897
887
898
899
889
900
890
901
891
902
892
903
893
904
894
905
895
906
896
907
897
908
898
909
899
910
911
901
912
902
913
903
914
904
915
905
916
906
917
907
918
908
919
909
920
910
921
911
922
923
913
924
914
925
915
926
916
927
917
928
918
929
919
930
920
931
921
932
922
933
923
934
935
925
936
926
937
927
938
928
939
929
940
930
941
931
942
932
943
933
944
934
945
935
946
947
937
948
938
949
939
950
940
951
941
952
942
953
943
954
944
955
945
956
946
957
947
958
959
949
960
950
961
951
962
952
963
953
964
954
965
955
966
956
967
957
968
958
969
959
970
971
961
972
962
973
963
974
964
975
965
976
966
977
967
978
968
979
969
980
970
981
971
982
983
973
974
975
976
977
978
979
980
981
982
983
985
996
1656
3804
986
997
1657
3805
987
998
1658
3806
988
999
1659
3807
989
1000
1660
3808
990
1001
1661
3809
991
1002
1662
3810
992
1003
1663
3811
993
1004
1664
3812
994
1005
1665
3813
995
1006
1666
3814
1007
1667
3815
997
1008
3786
998
1009
3787
999
1010
3788
1000
1011
3789
1001
1012
3790
1002
1013
3791
1003
1014
3792
1004
1015
3793
1005
1016
3794
1006
1017
3795
1007
1018
3796
1019
3797
1009
1020
3768
1010
1021
3769
1011
1022
3770
1012
1023
3771
1013
1024
3772
1014
1025
3773
1015
1026
3774
1016
1027
3775
1017
1028
3776
1018
1029
3777
1019
1030
3778
1031
3779
1021
1032
3750
1022
1033
3751
1023
1034
3752
1024
1035
3753
1025
1036
3754
1026
1037
3755
1027
1038
3756
1028
1039
3757
1029
1040
3758
1030
1041
3759
1031
1042
3760
1043
3761
1033
1044
3732
1034
1045
3733
1035
1046
3734
1036
1047
3735
1037
1048
3736
1038
1049
3737
1039
1050
3738
1040
1051
3739
1041
1052
3740
1042
1053
3741
1043
1054
3742
1055
3743
1045
1056
3714
1046
1057
3715
1047
1058
3716
1048
1059
3717
1049
1060
3718
1050
1061
3719
1051
1062
3720
1052
1063
3721
1053
1064
3722
1054
1065
3723
1055
1066
3724
1067
3725
1057
1068
3696
1058
1069
3697
1059
1070
3698
1060
1071
3699
1061
1072
3700
1062
1073
3701
1063
1074
3702
1064
1075
3703
1065
1076
3704
1066
1077
3705
1067
1078
3706
1079
3707
1069
1080
3678
1070
1081
3679
1071
1082
3680
1072
1083
3681
1073
1084
3682
1074
1085
3683
1075
1086
3684
1076
1087
3685
1077
1088
3686
1078
1089
3687
1079
1090
3688
1091
3689
1081
1092
1668
3660
1082
1093
1669
3661
1083
1094
1670
3662
1084
1095
1671
3663
1085
1096
1672
3664
1086
1097
1673
3665
1087
1098
1674
3666
1088
1099
1675
3667
1089
1100
1676
3668
1090
1101
1677
3669
1091
1102
1678
3670
1103
1679
3671
1093
1104
3642
1094
1105
3643
1095
1106
3644
1096
1107
3645
1097
1108
3646
1098
1109
3647
1099
1110
3648
1100
1111
3649
1101
1112
3650
1102
1113
3651
1103
1114
3652
1115
3653
1105
1116
3624
1106
1117
3625
1107
1118
3626
1108
1119
3627
1109
1120
3628
1110
1121
3629
1111
1122
3630
1112
1123
3631
1113
1124
3632
1114
1125
3633
1115
1126
3634
1127
3635
1117
1128
3606
1118
1129
3607
1119
1130
3608
1120
1131
3609
1121
1132
3610
1122
1133
3611
1123
1134
3612
1124
1135
3613
1125
1136
3614
1126
1137
3615
1127
1138
3616
1139
3617
1129
1140
3588
1130
1141
3589
1131
1142
3590
1132
1143
3591
1133
1144
3592
1134
1145
3593
1135
1146
3594
1136
1147
3595
1137
1148
3596
1138
1149
3597
1139
1150
3598
1151
3599
1141
1152
3570
1142
1153
3571
1143
1154
3572
1144
1155
3573
1145
1156
3574
1146
1157
3575
1147
1158
3576
1148
1159
3577
1149
1160
3578
1150
1161
3579
1151
1162
3580
1163
3581
1153
1164
3552
1154
1165
3553
1155
1166
3554
1156
1167
3555
1157
1168
3556
1158
1169
3557
1159
1170
3558
1160
1171
3559
1161
1172
3560
1162
1173
3561
1163
1174
3562
1175
3563
1165
1176
3534
1166
1177
3535
1167
1178
3536
1168
1179
3537
1169
1180
3538
1170
1181
3539
1171
1182
3540
1172
1183
3541
1173
1184
3542
1174
1185
3543
1175
1186
3544
1187
3545
1177
1188
3516
1178
1189
3517
1179
1190
3518
1180
1191
3519
1181
1192
3520
1182
1193
3521
1183
1194
3522
1184
1195
3523
1185
1196
3524
1186
1197
3525
1187
1198
3526
1199
3527
1189
1200
3498
1190
1201
3499
1191
1202
3500
1192
1203
3501
1193
1204
3502
1194
1205
3503
1195
1206
3504
1196
1207
3505
1197
1208
3506
1198
1209
3507
1199
1210
3508
1211
3509
1201
1212
3480
1202
1213
3481
1203
1214
3482
1204
1215
3483
1205
1216
3484
1206
1217
3485
1207
1218
3486
1208
1219
3487
1209
1220
3488
1210
1221
3489
1211
1222
3490
1223
3491
1213
1224
3462
1214
1225
3463
1215
1226
3464
1216
1227
3465
1217
1228
3466
1218
1229
3467
1219
1230
3468
1220
1231
3469
1221
1232
3470
1222
1233
3471
1223
1234
3472
1235
3473
1225
1236
3444
1226
1237
3445
1227
1238
3446
1228
1239
3447
1229
1240
3448
1230
1241
3449
1231
1242
3450
1232
1243
3451
1233
1244
3452
1234
1245
3453
1235
1246
3454
1247
3455
1237
1248
3426
1238
1249
3427
1239
1250
3428
1240
1251
3429
1241
1252
3430
1242
1253
3431
1243
1254
3432
1244
1255
3433
1245
1256
3434
1246
1257
3435
1247
1258
3436
1259
3437
1249
1260
1680
3408
1250
1261
1681
3409
1251
1262
1682
3410
1252
1263
1683
3411
1253
1264
1684
3412
1254
1265
1685
3413
1255
1266
1686
3414
1256
1267
1687
3415
1257
1268
1688
3416
1258
1269
1689
3417
1259
1270
1690
3418
1271
1691
3419
1261
1272
3390
1262
1273
3391
1263
1274
3392
1264
1275
3393
1265
1276
3394
1266
1277
3395
1267
1278
3396
1268
1279
3397
1269
1280
3398
1270
1281
3399
1271
1282
3400
1283
3401
1273
1284
3372
1274
1285
3373
1275
1286
3374
1276
1287
3375
1277
1288
3376
1278
1289
3377
1279
1290
3378
1280
1291
3379
1281
1292
3380
1282
1293
3381
1283
1294
3382
1295
3383
1285
1296
1692
3354
1286
1297
1693
3355
1287
1298
1694
3356
1288
1299
1695
3357
1289
1300
1696
3358
1290
1301
1697
3359
1291
1302
1698
3360
1292
1303
1699
3361
1293
1304
1700
3362
1294
1305
1701
3363
1295
1306
1702
3364
1307
1703
3365
1297
1308
3336
1298
1309
3337
1299
1310
3338
1300
1311
3339
1301
1312
3340
1302
1313
3341
1303
1314
3342
1304
1315
3343
1305
1316
3344
1306
1317
3345
1307
1318
3346
1319
3347
1309
1320
3318
1310
1321
3319
1311
1322
3320
1312
1323
3321
1313
1324
3322
1314
1325
3323
1315
1326
3324
1316
1327
3325
1317
1328
3326
1318
1329
3327
1319
1330
3328
1331
3329
1321
1332
3300
1322
1333
3301
1323
1334
3302
1324
1335
3303
1325
1336
3304
1326
1337
3305
1327
1338
3306
1328
1339
3307
1329
1340
3308
1330
1341
3309
1331
1342
3310
1343
3311
1333
1344
3282
1334
1345
3283
1335
1346
3284
1336
1347
3285
1337
1348
3286
1338
1349
3287
1339
1350
3288
1340
1351
3289
1341
1352
3290
1342
1353
3291
1343
1354
3292
1355
3293
1345
1356
3264
1346
1357
3265
1347
1358
3266
1348
1359
3267
1349
1360
3268
1350
1361
3269
1351
1362
3270
1352
1363
3271
1353
1364
3272
1354
1365
3273
1355
1366
3274
1367
3275
1357
1368
3246
1358
1369
3247
1359
1370
3248
1360
1371
3249
1361
1372
3250
1362
1373
3251
1363
1374
3252
1364
1375
3253
1365
1376
3254
1366
1377
3255
1367
1378
3256
1379
3257
1369
1380
3228
1370
1381
3229
1371
1382
3230
1372
1383
3231
1373
1384
3232
1374
1385
3233
1375
1386
3234
1376
1387
3235
1377
1388
3236
1378
1389
3237
1379
1390
3238
1391
3239
1381
1392
3210
1382
1393
3211
1383
1394
3212
1384
1395
3213
1385
1396
3214
1386
1397
3215
1387
1398
3216
1388
1399
3217
1389
1400
3218
1390
1401
3219
1391
1402
3220
1403
3221
1393
1404
3192
1394
1405
3193
1395
1406
3194
1396
1407
3195
1397
1408
3196
1398
1409
3197
1399
1410
3198
1400
1411
3199
1401
1412
3200
1402
1413
3201
1403
1414
3202
1415
3203
1405
1416
3174
1406
1417
3175
1407
1418
3176
1408
1419
3177
1409
1420
3178
1410
1421
3179
1411
1422
3180
1412
1423
3181
1413
1424
3182
1414
1425
3183
1415
1426
3184
1427
3185
1417
1428
3156
1418
1429
3157
1419
1430
3158
1420
1431
3159
1421
1432
3160
1422
1433
3161
1423
1434
3162
1424
1435
3163
1425
1436
3164
1426
1437
3165
1427
1438
3166
1439
3167
1429
1440
3138
1430
1441
3139
1431
1442
3140
1432
1443
3141
1433
1444
3142
1434
1445
3143
1435
1446
3144
1436
1447
3145
1437
1448
3146
1438
1449
3147
1439
1450
3148
1451
3149
1441
1452
3120
1442
1453
3121
1443
1454
3122
1444
1455
3123
1445
1456
3124
1446
1457
3125
1447
1458
3126
1448
1459
3127
1449
1460
3128
1450
1461
3129
1451
1462
3130
1463
3131
1453
1464
1704
3102
1454
1465
1705
3103
1455
1466
1706
3104
1456
1467
1707
3105
1457
1468
1708
3106
1458
1469
1709
3107
1459
1470
1710
3108
1460
1471
1711
3109
1461
1472
1712
3110
1462
1473
1713
3111
1463
1474
1714
3112
1475
1715
3113
1465
1476
3084
1466
1477
3085
1467
1478
3086
1468
1479
3087
1469
1480
3088
1470
1481
3089
1471
1482
3090
1472
1483
3091
1473
1484
3092
1474
1485
3093
1475
1486
3094
1487
3095
1477
1488
3066
1478
1489
3067
1479
1490
3068
1480
1491
3069
1481
1492
3070
1482
1493
3071
1483
1494
3072
1484
1495
3073
1485
1496
3074
1486
1497
3075
1487
1498
3076
1499
3077
1489
1500
3048
1490
1501
3049
1491
1502
3050
1492
1503
3051
1493
1504
3052
1494
1505
3053
1495
1506
3054
1496
1507
3055
1497
1508
3056
1498
1509
3057
1499
1510
3058
1511
3059
1501
1512
3030
1502
1513
3031
1503
1514
3032
1504
1515
3033
1505
1516
3034
1506
1517
3035
1507
1518
3036
1508
1519
3037
1509
1520
3038
1510
1521
3039
1511
1522
3040
1523
3041
1513
1524
3012
1514
1525
3013
1515
1526
3014
1516
1527
3015
1517
1528
3016
1518
1529
3017
1519
1530
3018
1520
1531
3019
1521
1532
3020
1522
1533
3021
1523
1534
3022
1535
3023
1525
1536
2994
1526
1537
2995
1527
1538
2996
1528
1539
2997
1529
1540
2998
1530
1541
2999
1531
1542
3000
1532
1543
3001
1533
1544
3002
1534
1545
3003
1535
1546
3004
1547
3005
1537
1548
2976
1538
1549
2977
1539
1550
2978
1540
1551
2979
1541
1552
2980
1542
1553
2981
1543
1554
2982
1544
1555
2983
1545
1556
2984
1546
1557
2985
1547
1558
2986
1559
2987
1549
1560
2958
1550
1561
2959
1551
1562
2960
1552
1563
2961
1553
1564
2962
1554
1565
2963
1555
1566
2964
1556
1567
2965
1557
1568
2966
1558
1569
2967
1559
1570
2968
1571
2969
1561
1572
2940
1562
1573
2941
1563
1574
2942
1564
1575
2943
1565
1576
2944
1566
1577
2945
1567
1578
2946
1568
1579
2947
1569
1580
2948
1570
1581
2949
1571
1582
2950
1583
2951
1573
1584
2922
1574
1585
2923
1575
1586
2924
1576
1587
2925
1577
1588
2926
1578
1589
2927
1579
1590
2928
1580
1591
2929
1581
1592
2930
1582
1593
2931
1583
1594
2932
1595
2933
1585
1596
2904
1586
1597
2905
1587
1598
2906
1588
1599
2907
1589
1600
2908
1590
1601
2909
1591
1602
2910
1592
1603
2911
1593
1604
2912
1594
1605
2913
1595
1606
2914
1607
2915
1597
1608
2886
1598
1609
2887
1599
1610
2888
1600
1611
2889
1601
1612
2890
1602
1613
2891
1603
1614
2892
1604
1615
2893
1605
1616
2894
1606
1617
2895
1607
1618
2896
1619
2897
1609
1620
2868
1610
1621
2869
1611
1622
2870
1612
1623
2871
1613
1624
2872
1614
1625
2873
1615
1626
2874
1616
1627
2875
1617
1628
2876
1618
1629
2877
1619
1630
2878
1631
2879
1621
1632
2850
1622
1633
2851
1623
1634
2852
1624
1635
2853
1625
1636
2854
1626
1637
2855
1627
1638
2856
1628
1639
2857
1629
1640
2858
1630
1641
2859
1631
1642
2860
1643
2861
1633
1644
3858
1634
1645
3859
1635
1646
3860
1636
1647
3861
1637
1648
3862
1638
1649
3863
1639
1650
3864
1640
1651
3865
1641
1652
3866
1642
1653
3867
1643
1654
3868
1655
3869
1645
1656
3840
1646
1657
3841
1647
1658
3842
1648
1659
3843
1649
1660
3844
1650
1661
3845
1651
1662
3846
1652
1663
3847
1653
1664
3848
1654
1665
3849
1655
1666
3850
1667
3851
1657
3822
1658
3823
1659
3824
1660
3825
1661
3826
1662
3827
1663
3828
1664
3829
1665
3830
1666
3831
1667
3832
3833
1669
1670
1671
1672
1673
1674
1675
1676
1677
1678
1679
1681
1682
1683
1684
1685
1686
1687
1688
1689
1690
1691
1693
1694
1695
1696
1697
1698
1699
1700
1701
1702
1703
1705
1706
1707
1708
1709
1710
1711
1712
1713
1714
1715
1717
1734
2796
3984
4002
1718
1735
2797
3985
4003
1719
1736
2798
3986
4004
1720
1737
2799
3987
4005
1721
1738
2800
3988
4006
1722
1739
2801
3989
4007
1723
1740
2802
3990
4008
1724
1741
2803
3991
4009
1725
1742
2804
3992
4010
1726
1743
2805
3993
4011
1727
1744
2806
3994
4012
1728
1745
2807
3995
4013
1729
1746
2808
3996
4014
1730
1747
2809
3997
4015
1731
1748
2810
3998
4016
1732
1749
2811
3999
4017
1733
1750
2812
4000
4018
1751
2813
4001
4019
1735
1752
3714
4020
1736
1753
3715
4021
1737
1754
3716
4022
1738
1755
3717
4023
1739
1756
3718
4024
1740
1757
3719
4025
1741
1758
3720
4026
1742
1759
3721
4027
1743
1760
3722
4028
1744
1761
3723
4029
1745
1762
3724
4030
1746
1763
3725
4031
1747
1764
3726
4032
1748
1765
3727
4033
1749
1766
3728
4034
1750
1767
3729
4035
1751
1768
3730
4036
1769
3731
4037
1753
1770
3696
4038
1754
1771
3697
4039
1755
1772
3698
4040
1756
1773
3699
4041
1757
1774
3700
4042
1758
1775
3701
4043
1759
1776
3702
4044
1760
1777
3703
4045
1761
1778
3704
4046
1762
1779
3705
4047
1763
1780
3706
4048
1764
1781
3707
4049
1765
1782
3708
4050
1766
1783
3709
4051
1767
1784
3710
4052
1768
1785
3711
4053
1769
1786
3712
4054
1787
3713
4055
1771
1788
3678
4056
1772
1789
3679
4057
1773
1790
3680
4058
1774
1791
3681
4059
1775
1792
3682
4060
1776
1793
3683
4061
1777
1794
3684
4062
1778
1795
3685
4063
1779
1796
3686
4064
1780
1797
3687
4065
1781
1798
3688
4066
1782
1799
3689
4067
1783
1800
3690
4068
1784
1801
3691
4069
1785
1802
3692
4070
1786
1803
3693
4071
1787
1804
3694
4072
1805
3695
4073
1789
1806
3660
4074
1790
1807
3661
4075
1791
1808
3662
4076
1792
1809
3663
4077
1793
1810
3664
4078
1794
1811
3665
4079
1795
1812
3666
4080
1796
1813
3667
4081
1797
1814
3668
4082
1798
1815
3669
4083
1799
1816
3670
4084
1800
1817
3671
4085
1801
1818
3672
4086
1802
1819
3673
4087
1803
1820
3674
4088
1804
1821
3675
4089
1805
1822
3676
4090
1823
3677
4091
1807
3642
4092
5226
1808
3643
4093
5227
1809
3644
4094
5228
1810
3645
4095
5229
1811
3646
4096
5230
1812
3647
4097
5231
1813
3648
4098
5232
1814
3649
4099
5233
1815
3650
4100
5234
1816
3651
4101
5235
1817
3652
4102
5236
1818
3653
4103
5237
1819
3654
4104
5238
1820
3655
4105
5239
1821
3656
4106
5240
1822
3657
4107
5241
1823
3658
4108
5242
3659
4109
5243
1825
1842
3624
4128
5226
1826
1843
3625
4129
5227
1827
1844
3626
4130
5228
1828
1845
3627
4131
5229
1829
1846
3628
4132
5230
1830
1847
3629
4133
5231
1831
1848
3630
4134
5232
1832
1849
3631
4135
5233
1833
1850
3632
4136
5234
1834
1851
3633
4137
5235
1835
1852
3634
4138
5236
1836
1853
3635
4139
5237
1837
1854
3636
4140
5238
1838
1855
3637
4141
5239
1839
1856
3638
4142
5240
1840
1857
3639
4143
5241
1841
1858
3640
4144
5242
1859
3641
4145
5243
1843
3606
4146
5244
1844
3607
4147
5245
1845
3608
4148
5246
1846
3609
4149
5247
1847
3610
4150
5248
1848
3611
4151
5249
1849
3612
4152
5250
1850
3613
4153
5251
1851
3614
4154
5252
1852
3615
4155
5253
1853
3616
4156
5254
1854
3617
4157
5255
1855
3618
4158
5256
1856
3619
4159
5257
1857
3620
4160
5258
1858
3621
4161
5259
1859
3622
4162
5260
3623
4163
5261
1861
1878
3588
4182
5244
1862
1879
3589
4183
5245
1863
1880
3590
4184
5246
1864
1881
3591
4185
5247
1865
1882
3592
4186
5248
1866
1883
3593
4187
5249
1867
1884
3594
4188
5250
1868
1885
3595
4189
5251
1869
1886
3596
4190
5252
1870
1887
3597
4191
5253
1871
1888
3598
4192
5254
1872
1889
3599
4193
5255
1873
1890
3600
4194
5256
1874
1891
3601
4195
5257
1875
1892
3602
4196
5258
1876
1893
3603
4197
5259
1877
1894
3604
4198
5260
1895
3605
4199
5261
1879
1896
3570
4200
1880
1897
3571
4201
1881
1898
3572
4202
1882
1899
3573
4203
1883
1900
3574
4204
1884
1901
3575
4205
1885
1902
3576
4206
1886
1903
3577
4207
1887
1904
3578
4208
1888
1905
3579
4209
1889
1906
3580
4210
1890
1907
3581
4211
1891
1908
3582
4212
1892
1909
3583
4213
1893
1910
3584
4214
1894
1911
3585
4215
1895
1912
3586
4216
1913
3587
4217
1897
3552
4218
5262
1898
3553
4219
5263
1899
3554
4220
5264
1900
3555
4221
5265
1901
3556
4222
5266
1902
3557
4223
5267
1903
3558
4224
5268
1904
3559
4225
5269
1905
3560
4226
5270
1906
3561
4227
5271
1907
3562
4228
5272
1908
3563
4229
5273
1909
3564
4230
5274
1910
3565
4231
5275
1911
3566
4232
5276
1912
3567
4233
5277
1913
3568
4234
5278
3569
4235
5279
1915
1932
3534
4254
5262
1916
1933
3535
4255
5263
1917
1934
3536
4256
5264
1918
1935
3537
4257
5265
1919
1936
3538
4258
5266
1920
1937
3539
4259
5267
1921
1938
3540
4260
5268
1922
1939
3541
4261
5269
1923
1940
3542
4262
5270
1924
1941
3543
4263
5271
1925
1942
3544
4264
5272
1926
1943
3545
4265
5273
1927
1944
3546
4266
5274
1928
1945
3547
4267
5275
1929
1946
3548
4268
5276
1930
1947
3549
4269
5277
1931
1948
3550
4270
5278
1949
3551
4271
5279
1933
1950
3516
4272
1934
1951
3517
4273
1935
1952
3518
4274
1936
1953
3519
4275
1937
1954
3520
4276
1938
1955
3521
4277
1939
1956
3522
4278
1940
1957
3523
4279
1941
1958
3524
4280
1942
1959
3525
4281
1943
1960
3526
4282
1944
1961
3527
4283
1945
1962
3528
4284
1946
1963
3529
4285
1947
1964
3530
4286
1948
1965
3531
4287
1949
1966
3532
4288
1967
3533
4289
1951
1968
3498
4290
1952
1969
3499
4291
1953
1970
3500
4292
1954
1971
3501
4293
1955
1972
3502
4294
1956
1973
3503
4295
1957
1974
3504
4296
1958
1975
3505
4297
1959
1976
3506
4298
1960
1977
3507
4299
1961
1978
3508
4300
1962
1979
3509
4301
1963
1980
3510
4302
1964
1981
3511
4303
1965
1982
3512
4304
1966
1983
3513
4305
1967
1984
3514
4306
1985
3515
4307
1969
1986
3480
4308
1970
1987
3481
4309
1971
1988
3482
4310
1972
1989
3483
4311
1973
1990
3484
4312
1974
1991
3485
4313
1975
1992
3486
4314
1976
1993
3487
4315
1977
1994
3488
4316
1978
1995
3489
4317
1979
1996
3490
4318
1980
1997
3491
4319
1981
1998
3492
4320
1982
1999
3493
4321
1983
2000
3494
4322
1984
2001
3495
4323
1985
2002
3496
4324
2003
3497
4325
1987
2004
3462
4326
1988
2005
3463
4327
1989
2006
3464
4328
1990
2007
3465
4329
1991
2008
3466
4330
1992
2009
3467
4331
1993
2010
3468
4332
1994
2011
3469
4333
1995
2012
3470
4334
1996
2013
3471
4335
1997
2014
3472
4336
1998
2015
3473
4337
1999
2016
3474
4338
2000
2017
3475
4339
2001
2018
3476
4340
2002
2019
3477
4341
2003
2020
3478
4342
2021
3479
4343
2005
2022
3444
4344
2006
2023
3445
4345
2007
2024
3446
4346
2008
2025
3447
4347
2009
2026
3448
4348
2010
2027
3449
4349
2011
2028
3450
4350
2012
2029
3451
4351
2013
2030
3452
4352
2014
2031
3453
4353
2015
2032
3454
4354
2016
2033
3455
4355
2017
2034
3456
4356
2018
2035
3457
4357
2019
2036
3458
4358
2020
2037
3459
4359
2021
2038
3460
4360
2039
3461
4361
2023
2040
4362
4380
2024
2041
4363
4381
2025
2042
4364
4382
2026
2043
4365
4383
2027
2044
4366
4384
2028
2045
4367
4385
2029
2046
4368
4386
2030
2047
4369
4387
2031
2048
4370
4388
2032
2049
4371
4389
2033
2050
4372
4390
2034
2051
4373
4391
2035
2052
4374
4392
2036
2053
4375
4393
2037
2054
4376
4394
2038
2055
4377
4395
2039
2056
4378
4396
2057
4379
4397
2041
2058
3426
4398
2042
2059
3427
4399
2043
2060
3428
4400
2044
2061
3429
4401
2045
2062
3430
4402
2046
2063
3431
4403
2047
2064
3432
4404
2048
2065
3433
4405
2049
2066
3434
4406
2050
2067
3435
4407
2051
2068
3436
4408
2052
2069
3437
4409
2053
2070
3438
4410
2054
2071
3439
4411
2055
2072
3440
4412
2056
2073
3441
4413
2057
2074
3442
4414
2075
3443
4415
2059
2076
3408
4416
2060
2077
3409
4417
2061
2078
3410
4418
2062
2079
3411
4419
2063
2080
3412
4420
2064
2081
3413
4421
2065
2082
3414
4422
2066
2083
3415
4423
2067
2084
3416
4424
2068
2085
3417
4425
2069
2086
3418
4426
2070
2087
3419
4427
2071
2088
3420
4428
2072
2089
3421
4429
2073
2090
3422
4430
2074
2091
3423
4431
2075
2092
3424
4432
2093
3425
4433
2077
2094
3390
4434
2078
2095
3391
4435
2079
2096
3392
4436
2080
2097
3393
4437
2081
2098
3394
4438
2082
2099
3395
4439
2083
2100
3396
4440
2084
2101
3397
4441
2085
2102
3398
4442
2086
2103
3399
4443
2087
2104
3400
4444
2088
2105
3401
4445
2089
2106
3402
4446
2090
2107
3403
4447
2091
2108
3404
4448
2092
2109
3405
4449
2093
2110
3406
4450
2111
3407
4451
2095
2112
3372
4452
2096
2113
3373
4453
2097
2114
3374
4454
2098
2115
3375
4455
2099
2116
3376
4456
2100
2117
3377
4457
2101
2118
3378
4458
2102
2119
3379
4459
2103
2120
3380
4460
2104
2121
3381
4461
2105
2122
3382
4462
2106
2123
3383
4463
2107
2124
3384
4464
2108
2125
3385
4465
2109
2126
3386
4466
2110
2127
3387
4467
2111
2128
3388
4468
2129
3389
4469
2113
2130
3354
4470
2114
2131
3355
4471
2115
2132
3356
4472
2116
2133
3357
4473
2117
2134
3358
4474
2118
2135
3359
4475
2119
2136
3360
4476
2120
2137
3361
4477
2121
2138
3362
4478
2122
2139
3363
4479
2123
2140
3364
4480
2124
2141
3365
4481
2125
2142
3366
4482
2126
2143
3367
4483
2127
2144
3368
4484
2128
2145
3369
4485
2129
2146
3370
4486
2147
3371
4487
2131
2148
3336
4488
2132
2149
3337
4489
2133
2150
3338
4490
2134
2151
3339
4491
2135
2152
3340
4492
2136
2153
3341
4493
2137
2154
3342
4494
2138
2155
3343
4495
2139
2156
3344
4496
2140
2157
3345
4497
2141
2158
3346
4498
2142
2159
3347
4499
2143
2160
3348
4500
2144
2161
3349
4501
2145
2162
3350
4502
2146
2163
3351
4503
2147
2164
3352
4504
2165
3353
4505
2149
2166
4506
4524
2150
2167
4507
4525
2151
2168
4508
4526
2152
2169
4509
4527
2153
2170
4510
4528
2154
2171
4511
4529
2155
2172
4512
4530
2156
2173
4513
4531
2157
2174
4514
4532
2158
2175
4515
4533
2159
2176
4516
4534
2160
2177
4517
4535
2161
2178
4518
4536
2162
2179
4519
4537
2163
2180
4520
4538
2164
2181
4521
4539
2165
2182
4522
4540
2183
4523
4541
2167
2184
3318
4542
2168
2185
3319
4543
2169
2186
3320
4544
2170
2187
3321
4545
2171
2188
3322
4546
2172
2189
3323
4547
2173
2190
3324
4548
2174
2191
3325
4549
2175
2192
3326
4550
2176
2193
3327
4551
2177
2194
3328
4552
2178
2195
3329
4553
2179
2196
3330
4554
2180
2197
3331
4555
2181
2198
3332
4556
2182
2199
3333
4557
2183
2200
3334
4558
2201
3335
4559
2185
2202
3300
4560
2186
2203
3301
4561
2187
2204
3302
4562
2188
2205
3303
4563
2189
2206
3304
4564
2190
2207
3305
4565
2191
2208
3306
4566
2192
2209
3307
4567
2193
2210
3308
4568
2194
2211
3309
4569
2195
2212
3310
4570
2196
2213
3311
4571
2197
2214
3312
4572
2198
2215
3313
4573
2199
2216
3314
4574
2200
2217
3315
4575
2201
2218
3316
4576
2219
3317
4577
2203
2220
3282
4578
2204
2221
3283
4579
2205
2222
3284
4580
2206
2223
3285
4581
2207
2224
3286
4582
2208
2225
3287
4583
2209
2226
3288
4584
2210
2227
3289
4585
2211
2228
3290
4586
2212
2229
3291
4587
2213
2230
3292
4588
2214
2231
3293
4589
2215
2232
3294
4590
2216
2233
3295
4591
2217
2234
3296
4592
2218
2235
3297
4593
2219
2236
3298
4594
2237
3299
4595
2221
3264
4596
5280
2222
3265
4597
5281
2223
3266
4598
5282
2224
3267
4599
5283
2225
3268
4600
5284
2226
3269
4601
5285
2227
3270
4602
5286
2228
3271
4603
5287
2229
3272
4604
5288
2230
3273
4605
5289
2231
3274
4606
5290
2232
3275
4607
5291
2233
3276
4608
5292
2234
3277
4609
5293
2235
3278
4610
5294
2236
3279
4611
5295
2237
3280
4612
5296
3281
4613
5297
2239
2256
3246
4632
5280
2240
2257
3247
4633
5281
2241
2258
3248
4634
5282
2242
2259
3249
4635
5283
2243
2260
3250
4636
5284
2244
2261
3251
4637
5285
2245
2262
3252
4638
5286
2246
2263
3253
4639
5287
2247
2264
3254
4640
5288
2248
2265
3255
4641
5289
2249
2266
3256
4642
5290
2250
2267
3257
4643
5291
2251
2268
3258
4644
5292
2252
2269
3259
4645
5293
2253
2270
3260
4646
5294
2254
2271
3261
4647
5295
2255
2272
3262
4648
5296
2273
3263
4649
5297
2257
2274
3228
4650
2258
2275
3229
4651
2259
2276
3230
4652
2260
2277
3231
4653
2261
2278
3232
4654
2262
2279
3233
4655
2263
2280
3234
4656
2264
2281
3235
4657
2265
2282
3236
4658
2266
2283
3237
4659
2267
2284
3238
4660
2268
2285
3239
4661
2269
2286
3240
4662
2270
2287
3241
4663
2271
2288
3242
4664
2272
2289
3243
4665
2273
2290
3244
4666
2291
3245
4667
2275
3210
4668
5298
2276
3211
4669
5299
2277
3212
4670
5300
2278
3213
4671
5301
2279
3214
4672
5302
2280
3215
4673
5303
2281
3216
4674
5304
2282
3217
4675
5305
2283
3218
4676
5306
2284
3219
4677
5307
2285
3220
4678
5308
2286
3221
4679
5309
2287
3222
4680
5310
2288
3223
4681
5311
2289
3224
4682
5312
2290
3225
4683
5313
2291
3226
4684
5314
3227
4685
5315
2293
2310
3192
4704
5298
2294
2311
3193
4705
5299
2295
2312
3194
4706
5300
2296
2313
3195
4707
5301
2297
2314
3196
4708
5302
2298
2315
3197
4709
5303
2299
2316
3198
4710
5304
2300
2317
3199
4711
5305
2301
2318
3200
4712
5306
2302
2319
3201
4713
5307
2303
2320
3202
4714
5308
2304
2321
3203
4715
5309
2305
2322
3204
4716
5310
2306
2323
3205
4717
5311
2307
2324
3206
4718
5312
2308
2325
3207
4719
5313
2309
2326
3208
4720
5314
2327
3209
4721
5315
2311
2328
3174
4722
2312
2329
3175
4723
2313
2330
3176
4724
2314
2331
3177
4725
2315
2332
3178
4726
2316
2333
3179
4727
2317
2334
3180
4728
2318
2335
3181
4729
2319
2336
3182
4730
2320
2337
3183
4731
2321
2338
3184
4732
2322
2339
3185
4733
2323
2340
3186
4734
2324
2341
3187
4735
2325
2342
3188
4736
2326
2343
3189
4737
2327
2344
3190
4738
2345
3191
4739
2329
2346
3156
4740
2330
2347
3157
4741
2331
2348
3158
4742
2332
2349
3159
4743
2333
2350
3160
4744
2334
2351
3161
4745
2335
2352
3162
4746
2336
2353
3163
4747
2337
2354
3164
4748
2338
2355
3165
4749
2339
2356
3166
4750
2340
2357
3167
4751
2341
2358
3168
4752
2342
2359
3169
4753
2343
2360
3170
4754
2344
2361
3171
4755
2345
2362
3172
4756
2363
3173
4757
2347
2364
3138
4758
2348
2365
3139
4759
2349
2366
3140
4760
2350
2367
3141
4761
2351
2368
3142
4762
2352
2369
3143
4763
2353
2370
3144
4764
2354
2371
3145
4765
2355
2372
3146
4766
2356
2373
3147
4767
2357
2374
3148
4768
2358
2375
3149
4769
2359
2376
3150
4770
2360
2377
3151
4771
2361
2378
3152
4772
2362
2379
3153
4773
2363
2380
3154
4774
2381
3155
4775
2365
2382
3120
4776
2366
2383
3121
4777
2367
2384
3122
4778
2368
2385
3123
4779
2369
2386
3124
4780
2370
2387
3125
4781
2371
2388
3126
4782
2372
2389
3127
4783
2373
2390
3128
4784
2374
2391
3129
4785
2375
2392
3130
4786
2376
2393
3131
4787
2377
2394
3132
4788
2378
2395
3133
4789
2379
2396
3134
4790
2380
2397
3135
4791
2381
2398
3136
4792
2399
3137
4793
2383
2400
3102
4794
2384
2401
3103
4795
2385
2402
3104
4796
2386
2403
3105
4797
2387
2404
3106
4798
2388
2405
3107
4799
2389
2406
3108
4800
2390
2407
3109
4801
2391
2408
3110
4802
2392
2409
3111
4803
2393
2410
3112
4804
2394
2411
3113
4805
2395
2412
3114
4806
2396
2413
3115
4807
2397
2414
3116
4808
2398
2415
3117
4809
2399
2416
3118
4810
2417
3119
4811
2401
2418
4812
4830
2402
2419
4813
4831
2403
2420
4814
4832
2404
2421
4815
4833
2405
2422
4816
4834
2406
2423
4817
4835
2407
2424
4818
4836
2408
2425
4819
4837
2409
2426
4820
4838
2410
2427
4821
4839
2411
2428
4822
4840
2412
2429
4823
4841
2413
2430
4824
4842
2414
2431
4825
4843
2415
2432
4826
4844
2416
2433
4827
4845
2417
2434
4828
4846
2435
4829
4847
2419
2436
3084
4848
2420
2437
3085
4849
2421
2438
3086
4850
2422
2439
3087
4851
2423
2440
3088
4852
2424
2441
3089
4853
2425
2442
3090
4854
2426
2443
3091
4855
2427
2444
3092
4856
2428
2445
3093
4857
2429
2446
3094
4858
2430
2447
3095
4859
2431
2448
3096
4860
2432
2449
3097
4861
2433
2450
3098
4862
2434
2451
3099
4863
2435
2452
3100
4864
2453
3101
4865
2437
2454
3066
4866
2438
2455
3067
4867
2439
2456
3068
4868
2440
2457
3069
4869
2441
2458
3070
4870
2442
2459
3071
4871
2443
2460
3072
4872
2444
2461
3073
4873
2445
2462
3074
4874
2446
2463
3075
4875
2447
2464
3076
4876
2448
2465
3077
4877
2449
2466
3078
4878
2450
2467
3079
4879
2451
2468
3080
4880
2452
2469
3081
4881
2453
2470
3082
4882
2471
3083
4883
2455
2472
3048
4884
2456
2473
3049
4885
2457
2474
3050
4886
2458
2475
3051
4887
2459
2476
3052
4888
2460
2477
3053
4889
2461
2478
3054
4890
2462
2479
3055
4891
2463
2480
3056
4892
2464
2481
3057
4893
2465
2482
3058
4894
2466
2483
3059
4895
2467
2484
3060
4896
2468
2485
3061
4897
2469
2486
3062
4898
2470
2487
3063
4899
2471
2488
3064
4900
2489
3065
4901
2473
2490
3030
4902
2474
2491
3031
4903
2475
2492
3032
4904
2476
2493
3033
4905
2477
2494
3034
4906
2478
2495
3035
4907
2479
2496
3036
4908
2480
2497
3037
4909
2481
2498
3038
4910
2482
2499
3039
4911
2483
2500
3040
4912
2484
2501
3041
4913
2485
2502
3042
4914
2486
2503
3043
4915
2487
2504
3044
4916
2488
2505
3045
4917
2489
2506
3046
4918
2507
3047
4919
2491
2508
3012
4920
2492
2509
3013
4921
2493
2510
3014
4922
2494
2511
3015
4923
2495
2512
3016
4924
2496
2513
3017
4925
2497
2514
3018
4926
2498
2515
3019
4927
2499
2516
3020
4928
2500
2517
3021
4929
2501
2518
3022
4930
2502
2519
3023
4931
2503
2520
3024
4932
2504
2521
3025
4933
2505
2522
3026
4934
2506
2523
3027
4935
2507
2524
3028
4936
2525
3029
4937
2509
2526
2994
4938
2510
2527
2995
4939
2511
2528
2996
4940
2512
2529
2997
4941
2513
2530
2998
4942
2514
2531
2999
4943
2515
2532
3000
4944
2516
2533
3001
4945
2517
2534
3002
4946
2518
2535
3003
4947
2519
2536
3004
4948
2520
2537
3005
4949
2521
2538
3006
4950
2522
2539
3007
4951
2523
2540
3008
4952
2524
2541
3009
4953
2525
2542
3010
4954
2543
3011
4955
2527
2544
4956
4974
2528
2545
4957
4975
2529
2546
4958
4976
2530
2547
4959
4977
2531
2548
4960
4978
2532
2549
4961
4979
2533
2550
4962
4980
2534
2551
4963
4981
2535
2552
4964
4982
2536
2553
4965
4983
2537
2554
4966
4984
2538
2555
4967
4985
2539
2556
4968
4986
2540
2557
4969
4987
2541
2558
4970
4988
2542
2559
4971
4989
2543
2560
4972
4990
2561
4973
4991
2545
2562
2976
4992
2546
2563
2977
4993
2547
2564
2978
4994
2548
2565
2979
4995
2549
2566
2980
4996
2550
2567
2981
4997
2551
2568
2982
4998
2552
2569
2983
4999
2553
2570
2984
5000
2554
2571
2985
5001
2555
2572
2986
5002
2556
2573
2987
5003
2557
2574
2988
5004
2558
2575
2989
5005
2559
2576
2990
5006
2560
2577
2991
5007
2561
2578
2992
5008
2579
2993
5009
2563
2580
2958
5010
2564
2581
2959
5011
2565
2582
2960
5012
2566
2583
2961
5013
2567
2584
2962
5014
2568
2585
2963
5015
2569
2586
2964
5016
2570
2587
2965
5017
2571
2588
2966
5018
2572
2589
2967
5019
2573
2590
2968
5020
2574
2591
2969
5021
2575
2592
2970
5022
2576
2593
2971
5023
2577
2594
2972
5024
2578
2595
2973
5025
2579
2596
2974
5026
2597
2975
5027
2581
2598
2940
5028
2582
2599
2941
5029
2583
2600
2942
5030
2584
2601
2943
5031
2585
2602
2944
5032
2586
2603
2945
5033
2587
2604
2946
5034
2588
2605
2947
5035
2589
2606
2948
5036
2590
2607
2949
5037
2591
2608
2950
5038
2592
2609
2951
5039
2593
2610
2952
5040
2594
2611
2953
5041
2595
2612
2954
5042
2596
2613
2955
5043
2597
2614
2956
5044
2615
2957
5045
2599
2922
5046
5316
2600
2923
5047
5317
2601
2924
5048
5318
2602
2925
5049
5319
2603
2926
5050
5320
2604
2927
5051
5321
2605
2928
5052
5322
2606
2929
5053
5323
2607
2930
5054
5324
2608
2931
5055
5325
2609
2932
5056
5326
2610
2933
5057
5327
2611
2934
5058
5328
2612
2935
5059
5329
2613
2936
5060
5330
2614
2937
5061
5331
2615
2938
5062
5332
2939
5063
5333
2617
2634
2904
5082
5316
2618
2635
2905
5083
5317
2619
2636
2906
5084
5318
2620
2637
2907
5085
5319
2621
2638
2908
5086
5320
2622
2639
2909
5087
5321
2623
2640
2910
5088
5322
2624
2641
2911
5089
5323
2625
2642
2912
5090
5324
2626
2643
2913
5091
5325
2627
2644
2914
5092
5326
2628
2645
2915
5093
5327
2629
2646
2916
5094
5328
2630
2647
2917
5095
5329
2631
2648
2918
5096
5330
2632
2649
2919
5097
5331
2633
2650
2920
5098
5332
2651
2921
5099
5333
2635
2652
2886
5100
2636
2653
2887
5101
2637
2654
2888
5102
2638
2655
2889
5103
2639
2656
2890
5104
2640
2657
2891
5105
2641
2658
2892
5106
2642
2659
2893
5107
2643
2660
2894
5108
2644
2661
2895
5109
2645
2662
2896
5110
2646
2663
2897
5111
2647
2664
2898
5112
2648
2665
2899
5113
2649
2666
2900
5114
2650
2667
2901
5115
2651
2668
2902
5116
2669
2903
5117
2653
2670
2868
5118
2654
2671
2869
5119
2655
2672
2870
5120
2656
2673
2871
5121
2657
2674
2872
5122
2658
2675
2873
5123
2659
2676
2874
5124
2660
2677
2875
5125
2661
2678
2876
5126
2662
2679
2877
5127
2663
2680
2878
5128
2664
2681
2879
5129
2665
2682
2880
5130
2666
2683
2881
5131
2667
2684
2882
5132
2668
2685
2883
5133
2669
2686
2884
5134
2687
2885
5135
2671
2688
2850
5136
2672
2689
2851
5137
2673
2690
2852
5138
2674
2691
2853
5139
2675
2692
2854
5140
2676
2693
2855
5141
2677
2694
2856
5142
2678
2695
2857
5143
2679
2696
2858
5144
2680
2697
2859
5145
2681
2698
2860
5146
2682
2699
2861
5147
2683
2700
2862
5148
2684
2701
2863
5149
2685
2702
2864
5150
2686
2703
2865
5151
2687
2704
2866
5152
2705
2867
5153
2689
2706
3858
5154
2690
2707
3859
5155
2691
2708
3860
5156
2692
2709
3861
5157
2693
2710
3862
5158
2694
2711
3863
5159
2695
2712
3864
5160
2696
2713
3865
5161
2697
2714
3866
5162
2698
2715
3867
5163
2699
2716
3868
5164
2700
2717
3869
5165
2701
2718
3870
5166
2702
2719
3871
5167
2703
2720
3872
5168
2704
2721
3873
5169
2705
2722
3874
5170
2723
3875
5171
2707
2724
3840
5172
2708
2725
3841
5173
2709
2726
3842
5174
2710
2727
3843
5175
2711
2728
3844
5176
2712
2729
3845
5177
2713
2730
3846
5178
2714
2731
3847
5179
2715
2732
3848
5180
2716
2733
3849
5181
2717
2734
3850
5182
2718
2735
3851
5183
2719
2736
3852
5184
2720
2737
3853
5185
2721
2738
3854
5186
2722
2739
3855
5187
2723
2740
3856
5188
2741
3857
5189
2725
2742
5190
5208
2726
2743
5191
5209
2727
2744
5192
5210
2728
2745
5193
5211
2729
2746
5194
5212
2730
2747
5195
5213
2731
2748
5196
5214
2732
2749
5197
5215
2733
2750
5198
5216
2734
2751
5199
5217
2735
2752
5200
5218
2736
2753
5201
5219
2737
2754
5202
5220
2738
2755
5203
5221
2739
2756
5204
5222
2740
2757
5205
5223
2741
2758
5206
5224
2759
5207
5225
2743
2760
3822
3876
2744
2761
3823
3877
2745
2762
3824
3878
2746
2763
3825
3879
2747
2764
3826
3880
2748
2765
3827
3881
2749
2766
3828
3882
2750
2767
3829
3883
2751
2768
3830
3884
2752
2769
3831
3885
2753
2770
3832
3886
2754
2771
3833
3887
2755
2772
3834
3888
2756
2773
3835
3889
2757
2774
3836
3890
2758
2775
3837
3891
2759
2776
3838
3892
2777
3839
3893
2761
2778
3804
3894
2762
2779
3805
3895
2763
2780
3806
3896
2764
2781
3807
3897
2765
2782
3808
3898
2766
2783
3809
3899
2767
2784
3810
3900
2768
2785
3811
3901
2769
2786
3812
3902
2770
2787
3813
3903
2771
2788
3814
3904
2772
2789
3815
3905
2773
2790
3816
3906
2774
2791
3817
3907
2775
2792
3818
3908
2776
2793
3819
3909
2777
2794
3820
3910
2795
3821
3911
2779
2832
3786
3912
2780
2833
3787
3913
2781
2834
3788
3914
2782
2835
3789
3915
2783
2836
3790
3916
2784
2837
3791
3917
2785
2838
3792
3918
2786
2839
3793
3919
2787
2840
3794
3920
2788
2841
3795
3921
2789
2842
3796
3922
2790
2843
3797
3923
2791
2844
3798
3924
2792
2845
3799
3925
2793
2846
3800
3926
2794
2847
3801
3927
2795
2848
3802
3928
2849
3803
3929
2797
2814
3732
3966
2798
2815
3733
3967
2799
2816
3734
3968
2800
2817
3735
3969
2801
2818
3736
3970
2802
2819
3737
3971
2803
2820
3738
3972
2804
2821
3739
3973
2805
2822
3740
3974
2806
2823
3741
3975
2807
2824
3742
3976
2808
2825
3743
3977
2809
2826
3744
3978
2810
2827
3745
3979
2811
2828
3746
3980
2812
2829
3747
3981
2813
2830
3748
3982
2831
3749
3983
2815
2832
3750
3948
2816
2833
3751
3949
2817
2834
3752
3950
2818
2835
3753
3951
2819
2836
3754
3952
2820
2837
3755
3953
2821
2838
3756
3954
2822
2839
3757
3955
2823
2840
3758
3956
2824
2841
3759
3957
2825
2842
3760
3958
2826
2843
3761
3959
2827
2844
3762
3960
2828
2845
3763
3961
2829
2846
3764
3962
2830
2847
3765
3963
2831
2848
3766
3964
2849
3767
3965
2833
3768
3930
2834
3769
3931
2835
3770
3932
2836
3771
3933
2837
3772
3934
2838
3773
3935
2839
3774
3936
2840
3775
3937
2841
3776
3938
2842
3777
3939
2843
3778
3940
2844
3779
3941
2845
3780
3942
2846
3781
3943
2847
3782
3944
2848
3783
3945
2849
3784
3946
3785
3947
2851
2868
3858
2852
2869
3859
2853
2870
3860
2854
2871
3861
2855
2872
3862
2856
2873
3863
2857
2874
3864
2858
2875
3865
2859
2876
3866
2860
2877
3867
2861
2878
3868
2862
2879
3869
2863
2880
3870
2864
2881
3871
2865
2882
3872
2866
2883
3873
2867
2884
3874
2885
3875
2869
2886
2870
2887
2871
2888
2872
2889
2873
2890
2874
2891
2875
2892
2876
2893
2877
2894
2878
2895
2879
2896
2880
2897
2881
2898
2882
2899
2883
2900
2884
2901
2885
2902
2903
2887
2904
2888
2905
2889
2906
2890
2907
2891
2908
2892
2909
2893
2910
2894
2911
2895
2912
2896
2913
2897
2914
2898
2915
2899
2916
2900
2917
2901
2918
2902
2919
2903
2920
2921
2905
2922
2906
2923
2907
2924
2908
2925
2909
2926
2910
2927
2911
2928
2912
2929
2913
2930
2914
2931
2915
2932
2916
2933
2917
2934
2918
2935
2919
2936
2920
2937
2921
2938
2939
2923
2940
2924
2941
2925
2942
2926
2943
2927
2944
2928
2945
2929
2946
2930
2947
2931
2948
2932
2949
2933
2950
2934
2951
2935
2952
2936
2953
2937
2954
2938
2955
2939
2956
2957
2941
2958
2942
2959
2943
2960
2944
2961
2945
2962
2946
2963
2947
2964
2948
2965
2949
2966
2950
2967
2951
2968
2952
2969
2953
2970
2954
2971
2955
2972
2956
2973
2957
2974
2975
2959
2976
2960
2977
2961
2978
2962
2979
2963
2980
2964
2981
2965
2982
2966
2983
2967
2984
2968
2985
2969
2986
2970
2987
2971
2988
2972
2989
2973
2990
2974
2991
2975
2992
2993
2977
2994
2978
2995
2979
2996
2980
2997
2981
2998
2982
2999
2983
3000
2984
3001
2985
3002
2986
3003
2987
3004
2988
3005
2989
3006
2990
3007
2991
3008
2992
3009
2993
3010
3011
2995
3012
2996
3013
2997
3014
2998
3015
2999
3016
3000
3017
3001
3018
3002
3019
3003
3020
3004
3021
3005
3022
3006
3023
3007
3024
3008
3025
3009
3026
3010
3027
3011
3028
3029
3013
3030
3014
3031
3015
3032
3016
3033
3017
3034
3018
3035
3019
3036
3020
3037
3021
3038
3022
3039
3023
3040
3024
3041
3025
3042
3026
3043
3027
3044
3028
3045
3029
3046
3047
3031
3048
3032
3049
3033
3050
3034
3051
3035
3052
3036
3053
3037
3054
3038
3055
3039
3056
3040
3057
3041
3058
3042
3059
3043
3060
3044
3061
3045
3062
3046
3063
3047
3064
3065
3049
3066
3050
3067
3051
3068
3052
3069
3053
3070
3054
3071
3055
3072
3056
3073
3057
3074
3058
3075
3059
3076
3060
3077
3061
3078
3062
3079
3063
3080
3064
3081
3065
3082
3083
3067
3084
3068
3085
3069
3086
3070
3087
3071
3088
3072
3089
3073
3090
3074
3091
3075
3092
3076
3093
3077
3094
3078
3095
3079
3096
3080
3097
3081
3098
3082
3099
3083
3100
3101
3085
3102
3086
3103
3087
3104
3088
3105
3089
3106
3090
3107
3091
3108
3092
3109
3093
3110
3094
3111
3095
3112
3096
3113
3097
3114
3098
3115
3099
3116
3100
3117
3101
3118
3119
3103
3120
3104
3121
3105
3122
3106
3123
3107
3124
3108
3125
3109
3126
3110
3127
3111
3128
3112
3129
3113
3130
3114
3131
3115
3132
3116
3133
3117
3134
3118
3135
3119
3136
3137
3121
3138
3122
3139
3123
3140
3124
3141
3125
3142
3126
3143
3127
3144
3128
3145
3129
3146
3130
3147
3131
3148
3132
3149
3133
3150
3134
3151
3135
3152
3136
3153
3137
3154
3155
3139
3156
3140
3157
3141
3158
3142
3159
3143
3160
3144
3161
3145
3162
3146
3163
3147
3164
3148
3165
3149
3166
3150
3167
3151
3168
3152
3169
3153
3170
3154
3171
3155
3172
3173
3157
3174
3158
3175
3159
3176
3160
3177
3161
3178
3162
3179
3163
3180
3164
3181
3165
3182
3166
3183
3167
3184
3168
3185
3169
3186
3170
3187
3171
3188
3172
3189
3173
3190
3191
3175
3192
3176
3193
3177
3194
3178
3195
3179
3196
3180
3197
3181
3198
3182
3199
3183
3200
3184
3201
3185
3202
3186
3203
3187
3204
3188
3205
3189
3206
3190
3207
3191
3208
3209
3193
3210
3194
3211
3195
3212
3196
3213
3197
3214
3198
3215
3199
3216
3200
3217
3201
3218
3202
3219
3203
3220
3204
3221
3205
3222
3206
3223
3207
3224
3208
3225
3209
3226
3227
3211
3228
3212
3229
3213
3230
3214
3231
3215
3232
3216
3233
3217
3234
3218
3235
3219
3236
3220
3237
3221
3238
3222
3239
3223
3240
3224
3241
3225
3242
3226
3243
3227
3244
3245
3229
3246
3230
3247
3231
3248
3232
3249
3233
3250
3234
3251
3235
3252
3236
3253
3237
3254
3238
3255
3239
3256
3240
3257
3241
3258
3242
3259
3243
3260
3244
3261
3245
3262
3263
3247
3264
3248
3265
3249
3266
3250
3267
3251
3268
3252
3269
3253
3270
3254
3271
3255
3272
3256
3273
3257
3274
3258
3275
3259
3276
3260
3277
3261
3278
3262
3279
3263
3280
3281
3265
3282
3266
3283
3267
3284
3268
3285
3269
3286
3270
3287
3271
3288
3272
3289
3273
3290
3274
3291
3275
3292
3276
3293
3277
3294
3278
3295
3279
3296
3280
3297
3281
3298
3299
3283
3300
3284
3301
3285
3302
3286
3303
3287
3304
3288
3305
3289
3306
3290
3307
3291
3308
3292
3309
3293
3310
3294
3311
3295
3312
3296
3313
3297
3314
3298
3315
3299
3316
3317
3301
3318
3302
3319
3303
3320
3304
3321
3305
3322
3306
3323
3307
3324
3308
3325
3309
3326
3310
3327
3311
3328
3312
3329
3313
3330
3314
3331
3315
3332
3316
3333
3317
3334
3335
3319
3336
3320
3337
3321
3338
3322
3339
3323
3340
3324
3341
3325
3342
3326
3343
3327
3344
3328
3345
3329
3346
3330
3347
3331
3348
3332
3349
3333
3350
3334
3351
3335
3352
3353
3337
3354
3338
3355
3339
3356
3340
3357
3341
3358
3342
3359
3343
3360
3344
3361
3345
3362
3346
3363
3347
3364
3348
3365
3349
3366
3350
3367
3351
3368
3352
3369
3353
3370
3371
3355
3372
3356
3373
3357
3374
3358
3375
3359
3376
3360
3377
3361
3378
3362
3379
3363
3380
3364
3381
3365
3382
3366
3383
3367
3384
3368
3385
3369
3386
3370
3387
3371
3388
3389
3373
3390
3374
3391
3375
3392
3376
3393
3377
3394
3378
3395
3379
3396
3380
3397
3381
3398
3382
3399
3383
3400
3384
3401
3385
3402
3386
3403
3387
3404
3388
3405
3389
3406
3407
3391
3408
3392
3409
3393
3410
3394
3411
3395
3412
3396
3413
3397
3414
3398
3415
3399
3416
3400
3417
3401
3418
3402
3419
3403
3420
3404
3421
3405
3422
3406
3423
3407
3424
3425
3409
3426
3410
3427
3411
3428
3412
3429
3413
3430
3414
3431
3415
3432
3416
3433
3417
3434
3418
3435
3419
3436
3420
3437
3421
3438
3422
3439
3423
3440
3424
3441
3425
3442
3443
3427
3444
3428
3445
3429
3446
3430
3447
3431
3448
3432
3449
3433
3450
3434
3451
3435
3452
3436
3453
3437
3454
3438
3455
3439
3456
3440
3457
3441
3458
3442
3459
3443
3460
3461
3445
3462
3446
3463
3447
3464
3448
3465
3449
3466
3450
3467
3451
3468
3452
3469
3453
3470
3454
3471
3455
3472
3456
3473
3457
3474
3458
3475
3459
3476
3460
3477
3461
3478
3479
3463
3480
3464
3481
3465
3482
3466
3483
3467
3484
3468
3485
3469
3486
3470
3487
3471
3488
3472
3489
3473
3490
3474
3491
3475
3492
3476
3493
3477
3494
3478
3495
3479
3496
3497
3481
3498
3482
3499
3483
3500
3484
3501
3485
3502
3486
3503
3487
3504
3488
3505
3489
3506
3490
3507
3491
3508
3492
3509
3493
3510
3494
3511
3495
3512
3496
3513
3497
3514
3515
3499
3516
3500
3517
3501
3518
3502
3519
3503
3520
3504
3521
3505
3522
3506
3523
3507
3524
3508
3525
3509
3526
3510
3527
3511
3528
3512
3529
3513
3530
3514
3531
3515
3532
3533
3517
3534
3518
3535
3519
3536
3520
3537
3521
3538
3522
3539
3523
3540
3524
3541
3525
3542
3526
3543
3527
3544
3528
3545
3529
3546
3530
3547
3531
3548
3532
3549
3533
3550
3551
3535
3552
3536
3553
3537
3554
3538
3555
3539
3556
3540
3557
3541
3558
3542
3559
3543
3560
3544
3561
3545
3562
3546
3563
3547
3564
3548
3565
3549
3566
3550
3567
3551
3568
3569
3553
3570
3554
3571
3555
3572
3556
3573
3557
3574
3558
3575
3559
3576
3560
3577
3561
3578
3562
3579
3563
3580
3564
3581
3565
3582
3566
3583
3567
3584
3568
3585
3569
3586
3587
3571
3588
3572
3589
3573
3590
3574
3591
3575
3592
3576
3593
3577
3594
3578
3595
3579
3596
3580
3597
3581
3598
3582
3599
3583
3600
3584
3601
3585
3602
3586
3603
3587
3604
3605
3589
3606
3590
3607
3591
3608
3592
3609
3593
3610
3594
3611
3595
3612
3596
3613
3597
3614
3598
3615
3599
3616
3600
3617
3601
3618
3602
3619
3603
3620
3604
3621
3605
3622
3623
3607
3624
3608
3625
3609
3626
3610
3627
3611
3628
3612
3629
3613
3630
3614
3631
3615
3632
3616
3633
3617
3634
3618
3635
3619
3636
3620
3637
3621
3638
3622
3639
3623
3640
3641
3625
3642
3626
3643
3627
3644
3628
3645
3629
3646
3630
3647
3631
3648
3632
3649
3633
3650
3634
3651
3635
3652
3636
3653
3637
3654
3638
3655
3639
3656
3640
3657
3641
3658
3659
3643
3660
3644
3661
3645
3662
3646
3663
3647
3664
3648
3665
3649
3666
3650
3667
3651
3668
3652
3669
3653
3670
3654
3671
3655
3672
3656
3673
3657
3674
3658
3675
3659
3676
3677
3661
3678
3662
3679
3663
3680
3664
3681
3665
3682
3666
3683
3667
3684
3668
3685
3669
3686
3670
3687
3671
3688
3672
3689
3673
3690
3674
3691
3675
3692
3676
3693
3677
3694
3695
3679
3696
3680
3697
3681
3698
3682
3699
3683
3700
3684
3701
3685
3702
3686
3703
3687
3704
3688
3705
3689
3706
3690
3707
3691
3708
3692
3709
3693
3710
3694
3711
3695
3712
3713
3697
3714
3698
3715
3699
3716
3700
3717
3701
3718
3702
3719
3703
3720
3704
3721
3705
3722
3706
3723
3707
3724
3708
3725
3709
3726
3710
3727
3711
3728
3712
3729
3713
3730
3731
3715
3732
3716
3733
3717
3734
3718
3735
3719
3736
3720
3737
3721
3738
3722
3739
3723
3740
3724
3741
3725
3742
3726
3743
3727
3744
3728
3745
3729
3746
3730
3747
3731
3748
3749
3733
3750
3734
3751
3735
3752
3736
3753
3737
3754
3738
3755
3739
3756
3740
3757
3741
3758
3742
3759
3743
3760
3744
3761
3745
3762
3746
3763
3747
3764
3748
3765
3749
3766
3767
3751
3768
3752
3769
3753
3770
3754
3771
3755
3772
3756
3773
3757
3774
3758
3775
3759
3776
3760
3777
3761
3778
3762
3779
3763
3780
3764
3781
3765
3782
3766
3783
3767
3784
3785
3769
3786
3770
3787
3771
3788
3772
3789
3773
3790
3774
3791
3775
3792
3776
3793
3777
3794
3778
3795
3779
3796
3780
3797
3781
3798
3782
3799
3783
3800
3784
3801
3785
3802
3803
3787
3804
3788
3805
3789
3806
3790
3807
3791
3808
3792
3809
3793
3810
3794
3811
3795
3812
3796
3813
3797
3814
3798
3815
3799
3816
3800
3817
3801
3818
3802
3819
3803
3820
3821
3805
3822
3806
3823
3807
3824
3808
3825
3809
3826
3810
3827
3811
3828
3812
3829
3813
3830
3814
3831
3815
3832
3816
3833
3817
3834
3818
3835
3819
3836
3820
3837
3821
3838
3839
3823
3840
3824
3841
3825
3842
3826
3843
3827
3844
3828
3845
3829
3846
3830
3847
3831
3848
3832
3849
3833
3850
3834
3851
3835
3852
3836
3853
3837
3854
3838
3855
3839
3856
3857
3841
3858
3842
3859
3843
3860
3844
3861
3845
3862
3846
3863
3847
3864
3848
3865
3849
3866
3850
3867
3851
3868
3852
3869
3853
3870
3854
3871
3855
3872
3856
3873
3857
3874
3875
3859
3860
3861
3862
3863
3864
3865
3866
3867
3868
3869
3870
3871
3872
3873
3874
3875
3877
3894
5208
3878
3895
5209
3879
3896
5210
3880
3897
5211
3881
3898
5212
3882
3899
5213
3883
3900
5214
3884
3901
5215
3885
3902
5216
3886
3903
5217
3887
3904
5218
3888
3905
5219
3889
3906
5220
3890
3907
5221
3891
3908
5222
3892
3909
5223
3893
3910
5224
3911
5225
3895
3912
3896
3913
3897
3914
3898
3915
3899
3916
3900
3917
3901
3918
3902
3919
3903
3920
3904
3921
3905
3922
3906
3923
3907
3924
3908
3925
3909
3926
3910
3927
3911
3928
3929
3913
3930
3914
3931
3915
3932
3916
3933
3917
3934
3918
3935
3919
3936
3920
3937
3921
3938
3922
3939
3923
3940
3924
3941
3925
3942
3926
3943
3927
3944
3928
3945
3929
3946
3947
3931
3948
3932
3949
3933
3950
3934
3951
3935
3952
3936
3953
3937
3954
3938
3955
3939
3956
3940
3957
3941
3958
3942
3959
3943
3960
3944
3961
3945
3962
3946
3963
3947
3964
3965
3949
3966
3950
3967
3951
3968
3952
3969
3953
3970
3954
3971
3955
3972
3956
3973
3957
3974
3958
3975
3959
3976
3960
3977
3961
3978
3962
3979
3963
3980
3964
3981
3965
3982
3983
3967
3984
3968
3985
3969
3986
3970
3987
3971
3988
3972
3989
3973
3990
3974
3991
3975
3992
3976
3993
3977
3994
3978
3995
3979
3996
3980
3997
3981
3998
3982
3999
3983
4000
4001
3985
4002
3986
4003
3987
4004
3988
4005
3989
4006
3990
4007
3991
4008
3992
4009
3993
4010
3994
4011
3995
4012
3996
4013
3997
4014
3998
4015
3999
4016
4000
4017
4001
4018
4019
4003
4020
4004
4021
4005
4022
4006
4023
4007
4024
4008
4025
4009
4026
4010
4027
4011
4028
4012
4029
4013
4030
4014
4031
4015
4032
4016
4033
4017
4034
4018
4035
4019
4036
4037
4021
4038
4022
4039
4023
4040
4024
4041
4025
4042
4026
4043
4027
4044
4028
4045
4029
4046
4030
4047
4031
4048
4032
4049
4033
4050
4034
4051
4035
4052
4036
4053
4037
4054
4055
4039
4056
4040
4057
4041
4058
4042
4059
4043
4060
4044
4061
4045
4062
4046
4063
4047
4064
4048
4065
4049
4066
4050
4067
4051
4068
4052
4069
4053
4070
4054
4071
4055
4072
4073
4057
4074
4058
4075
4059
4076
4060
4077
4061
4078
4062
4079
4063
4080
4064
4081
4065
4082
4066
4083
4067
4084
4068
4085
4069
4086
4070
4087
4071
4088
4072
4089
4073
4090
4091
4075
4092
4076
4093
4077
4094
4078
4095
4079
4096
4080
4097
4081
4098
4082
4099
4083
4100
4084
4101
4085
4102
4086
4103
4087
4104
4088
4105
4089
4106
4090
4107
4091
4108
4109
4093
4110
4094
4111
4095
4112
4096
4113
4097
4114
4098
4115
4099
4116
4100
4117
4101
4118
4102
4119
4103
4120
4104
4121
4105
4122
4106
4123
4107
4124
4108
4125
4109
4126
4127
4111
4128
5226
4112
4129
5227
4113
4130
5228
4114
4131
5229
4115
4132
5230
4116
4133
5231
4117
4134
5232
4118
4135
5233
4119
4136
5234
4120
4137
5235
4121
4138
5236
4122
4139
5237
4123
4140
5238
4124
4141
5239
4125
4142
5240
4126
4143
5241
4127
4144
5242
4145
5243
4129
4146
4130
4147
4131
4148
4132
4149
4133
4150
4134
4151
4135
4152
4136
4153
4137
4154
4138
4155
4139
4156
4140
4157
4141
4158
4142
4159
4143
4160
4144
4161
4145
4162
4163
4147
4164
4148
4165
4149
4166
4150
4167
4151
4168
4152
4169
4153
4170
4154
4171
4155
4172
4156
4173
4157
4174
4158
4175
4159
4176
4160
4177
4161
4178
4162
4179
4163
4180
4181
4165
4182
5244
4166
4183
5245
4167
4184
5246
4168
4185
5247
4169
4186
5248
4170
4187
5249
4171
4188
5250
4172
4189
5251
4173
4190
5252
4174
4191
5253
4175
4192
5254
4176
4193
5255
4177
4194
5256
4178
4195
5257
4179
4196
5258
4180
4197
5259
4181
4198
5260
4199
5261
4183
4200
4184
4201
4185
4202
4186
4203
4187
4204
4188
4205
4189
4206
4190
4207
4191
4208
4192
4209
4193
4210
4194
4211
4195
4212
4196
4213
4197
4214
4198
4215
4199
4216
4217
4201
4218
4202
4219
4203
4220
4204
4221
4205
4222
4206
4223
4207
4224
4208
4225
4209
4226
4210
4227
4211
4228
4212
4229
4213
4230
4214
4231
4215
4232
4216
4233
4217
4234
4235
4219
4236
4220
4237
4221
4238
4222
4239
4223
4240
4224
4241
4225
4242
4226
4243
4227
4244
4228
4245
4229
4246
4230
4247
4231
4248
4232
4249
4233
4250
4234
4251
4235
4252
4253
4237
4254
5262
4238
4255
5263
4239
4256
5264
4240
4257
5265
4241
4258
5266
4242
4259
5267
4243
4260
5268
4244
4261
5269
4245
4262
5270
4246
4263
5271
4247
4264
5272
4248
4265
5273
4249
4266
5274
4250
4267
5275
4251
4268
5276
4252
4269
5277
4253
4270
5278
4271
5279
4255
4272
4256
4273
4257
4274
4258
4275
4259
4276
4260
4277
4261
4278
4262
4279
4263
4280
4264
4281
4265
4282
4266
4283
4267
4284
4268
4285
4269
4286
4270
4287
4271
4288
4289
4273
4290
4274
4291
4275
4292
4276
4293
4277
4294
4278
4295
4279
4296
4280
4297
4281
4298
4282
4299
4283
4300
4284
4301
4285
4302
4286
4303
4287
4304
4288
4305
4289
4306
4307
4291
4308
4292
4309
4293
4310
4294
4311
4295
4312
4296
4313
4297
4314
4298
4315
4299
4316
4300
4317
4301
4318
4302
4319
4303
4320
4304
4321
4305
4322
4306
4323
4307
4324
4325
4309
4326
4310
4327
4311
4328
4312
4329
4313
4330
4314
4331
4315
4332
4316
4333
4317
4334
4318
4335
4319
4336
4320
4337
4321
4338
4322
4339
4323
4340
4324
4341
4325
4342
4343
4327
4344
4328
4345
4329
4346
4330
4347
4331
4348
4332
4349
4333
4350
4334
4351
4335
4352
4336
4353
4337
4354
4338
4355
4339
4356
4340
4357
4341
4358
4342
4359
4343
4360
4361
4345
4362
4346
4363
4347
4364
4348
4365
4349
4366
4350
4367
4351
4368
4352
4369
4353
4370
4354
4371
4355
4372
4356
4373
4357
4374
4358
4375
4359
4376
4360
4377
4361
4378
4379
4363
4380
4364
4381
4365
4382
4366
4383
4367
4384
4368
4385
4369
4386
4370
4387
4371
4388
4372
4389
4373
4390
4374
4391
4375
4392
4376
4393
4377
4394
4378
4395
4379
4396
4397
4381
4398
4382
4399
4383
4400
4384
4401
4385
4402
4386
4403
4387
4404
4388
4405
4389
4406
4390
4407
4391
4408
4392
4409
4393
4410
4394
4411
4395
4412
4396
4413
4397
4414
4415
4399
4416
4400
4417
4401
4418
4402
4419
4403
4420
4404
4421
4405
4422
4406
4423
4407
4424
4408
4425
4409
4426
4410
4427
4411
4428
4412
4429
4413
4430
4414
4431
4415
4432
4433
4417
4434
4418
4435
4419
4436
4420
4437
4421
4438
4422
4439
4423
4440
4424
4441
4425
4442
4426
4443
4427
4444
4428
4445
4429
4446
4430
4447
4431
4448
4432
4449
4433
4450
4451
4435
4452
4436
4453
4437
4454
4438
4455
4439
4456
4440
4457
4441
4458
4442
4459
4443
4460
4444
4461
4445
4462
4446
4463
4447
4464
4448
4465
4449
4466
4450
4467
4451
4468
4469
4453
4470
4454
4471
4455
4472
4456
4473
4457
4474
4458
4475
4459
4476
4460
4477
4461
4478
4462
4479
4463
4480
4464
4481
4465
4482
4466
4483
4467
4484
4468
4485
4469
4486
4487
4471
4488
4472
4489
4473
4490
4474
4491
4475
4492
4476
4493
4477
4494
4478
4495
4479
4496
4480
4497
4481
4498
4482
4499
4483
4500
4484
4501
4485
4502
4486
4503
4487
4504
4505
4489
4506
4490
4507
4491
4508
4492
4509
4493
4510
4494
4511
4495
4512
4496
4513
4497
4514
4498
4515
4499
4516
4500
4517
4501
4518
4502
4519
4503
4520
4504
4521
4505
4522
4523
4507
4524
4508
4525
4509
4526
4510
4527
4511
4528
4512
4529
4513
4530
4514
4531
4515
4532
4516
4533
4517
4534
4518
4535
4519
4536
4520
4537
4521
4538
4522
4539
4523
4540
4541
4525
4542
4526
4543
4527
4544
4528
4545
4529
4546
4530
4547
4531
4548
4532
4549
4533
4550
4534
4551
4535
4552
4536
4553
4537
4554
4538
4555
4539
4556
4540
4557
4541
4558
4559
4543
4560
4544
4561
4545
4562
4546
4563
4547
4564
4548
4565
4549
4566
4550
4567
4551
4568
4552
4569
4553
4570
4554
4571
4555
4572
4556
4573
4557
4574
4558
4575
4559
4576
4577
4561
4578
4562
4579
4563
4580
4564
4581
4565
4582
4566
4583
4567
4584
4568
4585
4569
4586
4570
4587
4571
4588
4572
4589
4573
4590
4574
4591
4575
4592
4576
4593
4577
4594
4595
4579
4596
4580
4597
4581
4598
4582
4599
4583
4600
4584
4601
4585
4602
4586
4603
4587
4604
4588
4605
4589
4606
4590
4607
4591
4608
4592
4609
4593
4610
4594
4611
4595
4612
4613
4597
4614
4598
4615
4599
4616
4600
4617
4601
4618
4602
4619
4603
4620
4604
4621
4605
4622
4606
4623
4607
4624
4608
4625
4609
4626
4610
4627
4611
4628
4612
4629
4613
4630
4631
4615
4632
5280
4616
4633
5281
4617
4634
5282
4618
4635
5283
4619
4636
5284
4620
4637
5285
4621
4638
5286
4622
4639
5287
4623
4640
5288
4624
4641
5289
4625
4642
5290
4626
4643
5291
4627
4644
5292
4628
4645
5293
4629
4646
5294
4630
4647
5295
4631
4648
5296
4649
5297
4633
4650
4634
4651
4635
4652
4636
4653
4637
4654
4638
4655
4639
4656
4640
4657
4641
4658
4642
4659
4643
4660
4644
4661
4645
4662
4646
4663
4647
4664
4648
4665
4649
4666
4667
4651
4668
4652
4669
4653
4670
4654
4671
4655
4672
4656
4673
4657
4674
4658
4675
4659
4676
4660
4677
4661
4678
4662
4679
4663
4680
4664
4681
4665
4682
4666
4683
4667
4684
4685
4669
4686
4670
4687
4671
4688
4672
4689
4673
4690
4674
4691
4675
4692
4676
4693
4677
4694
4678
4695
4679
4696
4680
4697
4681
4698
4682
4699
4683
4700
4684
4701
4685
4702
4703
4687
4704
5298
4688
4705
5299
4689
4706
5300
4690
4707
5301
4691
4708
5302
4692
4709
5303
4693
4710
5304
4694
4711
5305
4695
4712
5306
4696
4713
5307
4697
4714
5308
4698
4715
5309
4699
4716
5310
4700
4717
5311
4701
4718
5312
4702
4719
5313
4703
4720
5314
4721
5315
4705
4722
4706
4723
4707
4724
4708
4725
4709
4726
4710
4727
4711
4728
4712
4729
4713
4730
4714
4731
4715
4732
4716
4733
4717
4734
4718
4735
4719
4736
4720
4737
4721
4738
4739
4723
4740
4724
4741
4725
4742
4726
4743
4727
4744
4728
4745
4729
4746
4730
4747
4731
4748
4732
4749
4733
4750
4734
4751
4735
4752
4736
4753
4737
4754
4738
4755
4739
4756
4757
4741
4758
4742
4759
4743
4760
4744
4761
4745
4762
4746
4763
4747
4764
4748
4765
4749
4766
4750
4767
4751
4768
4752
4769
4753
4770
4754
4771
4755
4772
4756
4773
4757
4774
4775
4759
4776
4760
4777
4761
4778
4762
4779
4763
4780
4764
4781
4765
4782
4766
4783
4767
4784
4768
4785
4769
4786
4770
4787
4771
4788
4772
4789
4773
4790
4774
4791
4775
4792
4793
4777
4794
4778
4795
4779
4796
4780
4797
4781
4798
4782
4799
4783
4800
4784
4801
4785
4802
4786
4803
4787
4804
4788
4805
4789
4806
4790
4807
4791
4808
4792
4809
4793
4810
4811
4795
4812
4796
4813
4797
4814
4798
4815
4799
4816
4800
4817
4801
4818
4802
4819
4803
4820
4804
4821
4805
4822
4806
4823
4807
4824
4808
4825
4809
4826
4810
4827
4811
4828
4829
4813
4830
4814
4831
4815
4832
4816
4833
4817
4834
4818
4835
4819
4836
4820
4837
4821
4838
4822
4839
4823
4840
4824
4841
4825
4842
4826
4843
4827
4844
4828
4845
4829
4846
4847
4831
4848
4832
4849
4833
4850
4834
4851
4835
4852
4836
4853
4837
4854
4838
4855
4839
4856
4840
4857
4841
4858
4842
4859
4843
4860
4844
4861
4845
4862
4846
4863
4847
4864
4865
4849
4866
4850
4867
4851
4868
4852
4869
4853
4870
4854
4871
4855
4872
4856
4873
4857
4874
4858
4875
4859
4876
4860
4877
4861
4878
4862
4879
4863
4880
4864
4881
4865
4882
4883
4867
4884
4868
4885
4869
4886
4870
4887
4871
4888
4872
4889
4873
4890
4874
4891
4875
4892
4876
4893
4877
4894
4878
4895
4879
4896
4880
4897
4881
4898
4882
4899
4883
4900
4901
4885
4902
4886
4903
4887
4904
4888
4905
4889
4906
4890
4907
4891
4908
4892
4909
4893
4910
4894
4911
4895
4912
4896
4913
4897
4914
4898
4915
4899
4916
4900
4917
4901
4918
4919
4903
4920
4904
4921
4905
4922
4906
4923
4907
4924
4908
4925
4909
4926
4910
4927
4911
4928
4912
4929
4913
4930
4914
4931
4915
4932
4916
4933
4917
4934
4918
4935
4919
4936
4937
4921
4938
4922
4939
4923
4940
4924
4941
4925
4942
4926
4943
4927
4944
4928
4945
4929
4946
4930
4947
4931
4948
4932
4949
4933
4950
4934
4951
4935
4952
4936
4953
4937
4954
4955
4939
4956
4940
4957
4941
4958
4942
4959
4943
4960
4944
4961
4945
4962
4946
4963
4947
4964
4948
4965
4949
4966
4950
4967
4951
4968
4952
4969
4953
4970
4954
4971
4955
4972
4973
4957
4974
4958
4975
4959
4976
4960
4977
4961
4978
4962
4979
4963
4980
4964
4981
4965
4982
4966
4983
4967
4984
4968
4985
4969
4986
4970
4987
4971
4988
4972
4989
4973
4990
4991
4975
4992
4976
4993
4977
4994
4978
4995
4979
4996
4980
4997
4981
4998
4982
4999
4983
5000
4984
5001
4985
5002
4986
5003
4987
5004
4988
5005
4989
5006
4990
5007
4991
5008
5009
4993
5010
4994
5011
4995
5012
4996
5013
4997
5014
4998
5015
4999
5016
5000
5017
5001
5018
5002
5019
5003
5020
5004
5021
5005
5022
5006
5023
5007
5024
5008
5025
5009
5026
5027
5011
5028
5012
5029
5013
5030
5014
5031
5015
5032
5016
5033
5017
5034
5018
5035
5019
5036
5020
5037
5021
5038
5022
5039
5023
5040
5024
5041
5025
5042
5026
5043
5027
5044
5045
5029
5046
5030
5047
5031
5048
5032
5049
5033
5050
5034
5051
5035
5052
5036
5053
5037
5054
5038
5055
5039
5056
5040
5057
5041
5058
5042
5059
5043
5060
5044
5061
5045
5062
5063
5047
5064
5048
5065
5049
5066
5050
5067
5051
5068
5052
5069
5053
5070
5054
5071
5055
5072
5056
5073
5057
5074
5058
5075
5059
5076
5060
5077
5061
5078
5062
5079
5063
5080
5081
5065
5082
5316
5066
5083
5317
5067
5084
5318
5068
5085
5319
5069
5086
5320
5070
5087
5321
5071
5088
5322
5072
5089
5323
5073
5090
5324
5074
5091
5325
5075
5092
5326
5076
5093
5327
5077
5094
5328
5078
5095
5329
5079
5096
5330
5080
5097
5331
5081
5098
5332
5099
5333
5083
5100
5084
5101
5085
5102
5086
5103
5087
5104
5088
5105
5089
5106
5090
5107
5091
5108
5092
5109
5093
5110
5094
5111
5095
5112
5096
5113
5097
5114
5098
5115
5099
5116
5117
5101
5118
5102
5119
5103
5120
5104
5121
5105
5122
5106
5123
5107
5124
5108
5125
5109
5126
5110
5127
5111
5128
5112
5129
5113
5130
5114
5131
5115
5132
5116
5133
5117
5134
5135
5119
5136
5120
5137
5121
5138
5122
5139
5123
5140
5124
5141
5125
5142
5126
5143
5127
5144
5128
5145
5129
5146
5130
5147
5131
5148
5132
5149
5133
5150
5134
5151
5135
5152
5153
5137
5154
5138
5155
5139
5156
5140
5157
5141
5158
5142
5159
5143
5160
5144
5161
5145
5162
5146
5163
5147
5164
5148
5165
5149
5166
5150
5167
5151
5168
5152
5169
5153
5170
5171
5155
5172
5156
5173
5157
5174
5158
5175
5159
5176
5160
5177
5161
5178
5162
5179
5163
5180
5164
5181
5165
5182
5166
5183
5167
5184
5168
5185
5169
5186
5170
5187
5171
5188
5189
5173
5190
5174
5191
5175
5192
5176
5193
5177
5194
5178
5195
5179
5196
5180
5197
5181
5198
5182
5199
5183
5200
5184
5201
5185
5202
5186
5203
5187
5204
5188
5205
5189
5206
5207
5191
5208
5192
5209
5193
5210
5194
5211
5195
5212
5196
5213
5197
5214
5198
5215
5199
5216
5200
5217
5201
5218
5202
5219
5203
5220
5204
5221
5205
5222
5206
5223
5207
5224
5225
5209
5210
5211
5212
5213
5214
5215
5216
5217
5218
5219
5220
5221
5222
5223
5224
5225
5227
5228
5229
5230
5231
5232
5233
5234
5235
5236
5237
5238
5239
5240
5241
5242
5243
5245
5246
5247
5248
5249
5250
5251
5252
5253
5254
5255
5256
5257
5258
5259
5260
5261
5263
5264
5265
5266
5267
5268
5269
5270
5271
5272
5273
5274
5275
5276
5277
5278
5279
5281
5282
5283
5284
5285
5286
5287
5288
5289
5290
5291
5292
5293
5294
5295
5296
5297
5299
5300
5301
5302
5303
5304
5305
5306
5307
5308
5309
5310
5311
5312
5313
5314
5315
5317
5318
5319
5320
5321
5322
5323
5324
5325
5326
5327
5328
5329
5330
5331
5332
5333
)


// ************************************************************************* //
